0	0	1	0	2	50
0	1	1	0	3.23673	50
0	2	1	0	3.44939	50
0	3	1	0	3.55701	50
0	4	1	0	3.61278	50
0	5	1	0	3.63757	50
0	6	1	0	3.64162	50
0	7	1	0	3.63066	50
0	8	1	0	3.60815	50
0	9	1	0	3.57636	50
0	10	1	0	3.53686	50
0	11	1	0	3.4909	50
0	12	1	0	3.43953	50
0	13	1	0	3.38374	50
0	14	1	0	3.32456	50
0	15	1	0	3.26309	50
0	16	1	0	3.20053	50
0	17	1	0	3.1382	50
0	18	1	0	3.07751	50
0	19	1	0	3.01995	50
0	20	1	0	2.96705	50
0	21	1	0	2.92029	50
0	22	1	0	2.88108	50
0	23	1	0	2.85062	50
0	24	1	0	2.82988	50
0	25	1	0	2.81956	50
0	26	1	0	2.81996	50
0	27	1	0	2.83108	50
0	28	1	0	2.85252	50
0	29	1	0	2.88357	50
0	30	1	0	2.92323	50
0	31	1	0	2.9703	50
0	32	1	0	3.02341	50
0	33	1	0	3.08108	50
0	34	1	0	3.14183	50
0	35	1	0	3.2042	50
0	36	1	0	3.26676	50
0	37	1	0	3.32819	50
0	38	1	0	3.38722	50
0	39	1	0	3.44262	50
0	40	1	0	3.49316	50
0	41	1	0	3.53749	50
0	42	1	0	3.57398	50
0	43	1	0	3.60047	50
0	44	1	0	3.61375	50
0	45	1	0	3.60867	50
0	46	1	0	3.57618	50
0	47	1	0	3.49896	50
0	48	1	0	3.33989	50
0	49	1	0	3.00772	50
0	50	0	0	2.122e-314	50
1	0	0.850524	0.525936	2.35149	48
1	1	0.993087	0.117381	1.8117	46.7633
1	2	0.998237	0.0593605	1.813	46.5506
1	3	0.999534	0.0305312	1.82644	46.443
1	4	0.999909	0.0135017	1.83606	46.3872
1	5	0.999998	0.00220547	1.83934	46.3624
1	6	0.999982	-0.00596805	1.83653	46.3584
1	7	0.999924	-0.0123109	1.82836	46.3693
1	8	0.999847	-0.0175136	1.81554	46.3918
1	9	0.999759	-0.0219569	1.79868	46.4236
1	10	0.999666	-0.0258458	1.77828	46.4631
1	11	0.999571	-0.0292773	1.75476	46.5091
1	12	0.999479	-0.0322756	1.72851	46.5605
1	13	0.999394	-0.0348121	1.69996	46.6163
1	14	0.999322	-0.0368188	1.66954	46.6754
1	15	0.99927	-0.0381981	1.63777	46.7369
1	16	0.999246	-0.0388321	1.60521	46.7995
1	17	0.999255	-0.0385944	1.57253	46.8618
1	18	0.999302	-0.0373633	1.54044	46.9225
1	19	0.999386	-0.0350394	1.50974	46.9801
1	20	0.999502	-0.0315638	1.48126	47.033
1	21	0.999637	-0.0269377	1.45584	47.0797
1	22	0.999774	-0.0212383	1.43428	47.1189
1	23	0.999893	-0.0146275	1.4173	47.1494
1	24	0.999973	-0.00734817	1.4055	47.1701
1	25	1	0.000291259	1.39929	47.1804
1	26	0.999968	0.00794526	1.39888	47.18
1	27	0.999883	0.0152661	1.40427	47.1689
1	28	0.999759	0.0219392	1.41524	47.1475
1	29	0.999616	0.0277126	1.43139	47.1164
1	30	0.999475	0.0324141	1.45215	47.0768
1	31	0.999353	0.0359562	1.47683	47.0297
1	32	0.999265	0.0383284	1.50467	46.9766
1	33	0.999216	0.0395818	1.53486	46.9189
1	34	0.999207	0.0398093	1.56661	46.8582
1	35	0.999234	0.0391254	1.59915	46.7958
1	36	0.999291	0.0376475	1.63174	46.7332
1	37	0.99937	0.035479	1.66374	46.6718
1	38	0.999465	0.032694	1.69454	46.6128
1	39	0.99957	0.0293213	1.72358	46.5574
1	40	0.999679	0.025324	1.75037	46.5068
1	41	0.999788	0.0205664	1.77441	46.4625
1	42	0.999891	0.0147563	1.7952	46.426
1	43	0.999973	0.00733041	1.81221	46.3995
1	44	0.999996	-0.00278577	1.82491	46.3862
1	45	0.999843	-0.0177246	1.83302	46.3913
1	46	0.999116	-0.0420272	1.83747	46.4238
1	47	0.996275	-0.0862335	1.84462	46.501
1	48	0.984357	-0.176185	1.88536	46.6601
1	49	0.890104	-0.455757	2.21108	46.9923
1	50	0	0	2.122e-314	48
2	0	0.887959	0.459923	2.25236	46
2	1	0.9924	0.123055	1.81447	44.9641
2	2	0.99755	0.0699578	1.76409	44.7408
2	3	0.999283	0.0378509	1.7453	44.6174
2	4	0.999868	0.0162681	1.73584	44.5513
2	5	1	0.000704015	1.72792	44.5231
2	6	0.999937	-0.0111948	1.71859	44.5219
2	7	0.999784	-0.0207784	1.70676	44.5411
2	8	0.999584	-0.0288457	1.69207	44.5766
2	9	0.999357	-0.0358671	1.67448	44.6254
2	10	0.999113	-0.0421046	1.65407	44.6855
2	11	0.998863	-0.0476799	1.63101	44.7551
2	12	0.998615	-0.0526137	1.60549	44.8329
2	13	0.998383	-0.0568494	1.57778	44.9173
2	14	0.998182	-0.0602685	1.5482	45.007
2	15	0.998032	-0.0627038	1.51717	45.1003
2	16	0.997953	-0.0639527	1.4852	45.1955
2	17	0.997963	-0.0637933	1.45289	45.2905
2	18	0.998076	-0.0620064	1.42095	45.3831
2	19	0.998293	-0.0584031	1.39018	45.4712
2	20	0.998602	-0.0528582	1.36146	45.5524
2	21	0.998971	-0.0453464	1.3357	45.6244
2	22	0.999353	-0.0359751	1.31379	45.685
2	23	0.999687	-0.0250044	1.29655	45.7322
2	24	0.999917	-0.0128463	1.28464	45.7647
2	25	1	-3.69868e-05	1.27855	45.7812
2	26	0.999918	0.012815	1.27849	45.7812
2	27	0.999685	0.0250958	1.28445	45.7648
2	28	0.999343	0.0362544	1.29615	45.7326
2	29	0.998948	0.0458572	1.31308	45.6856
2	30	0.998561	0.053619	1.33459	45.6254
2	31	0.998234	0.0594077	1.35989	45.5538
2	32	0.997999	0.0632268	1.38813	45.473
2	33	0.997873	0.0651843	1.41847	45.3853
2	34	0.997855	0.0654559	1.45009	45.2928
2	35	0.997934	0.0642497	1.48221	45.1979
2	36	0.99809	0.061775	1.51417	45.1027
2	37	0.998304	0.0582167	1.54535	45.0091
2	38	0.998556	0.0537134	1.57527	44.9191
2	39	0.998831	0.0483363	1.60349	44.8345
2	40	0.999115	0.0420644	1.62968	44.757
2	41	0.999396	0.034749	1.65358	44.6885
2	42	0.99966	0.0260558	1.67504	44.631
2	43	0.999882	0.015365	1.69407	44.5874
2	44	0.999999	0.001604	1.71107	44.5613
2	45	0.999855	-0.017006	1.72724	44.5586
2	46	0.999069	-0.0431451	1.74584	44.588
2	47	0.996841	-0.0794216	1.77463	44.6633
2	48	0.992738	-0.120298	1.82836	44.8042
2	49	0.88965	-0.456644	2.13692	45.0242
2	50	0	0	2.122e-314	46
3	0	0.922542	0.385897	2.16792	44
3	1	0.995168	0.0981852	1.8574	43.1634
3	2	0.998214	0.0597348	1.80278	42.981
3	3	0.999471	0.032514	1.77238	42.8733
3	4	0.999931	0.0117244	1.75261	42.8157
3	5	0.999989	-0.0047337	1.73701	42.7952
3	6	0.999834	-0.0181945	1.72231	42.8034
3	7	0.999562	-0.0295823	1.70677	42.8347
3	8	0.999219	-0.039522	1.6895	42.8852
3	9	0.998827	-0.0484128	1.67006	42.952
3	10	0.998404	-0.0564829	1.64822	43.0328
3	11	0.997961	-0.0638287	1.62394	43.1259
3	12	0.997516	-0.0704408	1.59723	43.2296
3	13	0.997091	-0.0762209	1.56825	43.3421
3	14	0.996715	-0.0809945	1.53722	43.4616
3	15	0.996422	-0.0845216	1.50448	43.5861
3	16	0.996251	-0.0865107	1.4705	43.7133
3	17	0.99624	-0.0866369	1.43588	43.8405
3	18	0.996418	-0.0845692	1.40137	43.9649
3	19	0.996794	-0.0800077	1.36786	44.0834
3	20	0.997351	-0.0727329	1.33635	44.1929
3	21	0.998035	-0.0626622	1.30791	44.2901
3	22	0.998754	-0.0499076	1.28364	44.372
3	23	0.999394	-0.0348153	1.26455	44.4361
3	24	0.999838	-0.0179722	1.2515	44.4801
3	25	1	-0.000165804	1.24506	44.5026
3	26	0.999843	0.0176985	1.24551	44.5028
3	27	0.999397	0.0347085	1.25279	44.4808
3	28	0.998746	0.0500573	1.2665	44.4373
3	29	0.998005	0.0631302	1.28598	44.3739
3	30	0.997292	0.0735483	1.31037	44.2927
3	31	0.996701	0.0811668	1.33868	44.1963
3	32	0.996292	0.0860397	1.36991	44.0877
3	33	0.996088	0.0883647	1.40307	43.9698
3	34	0.996083	0.0884261	1.43724	43.8458
3	35	0.996248	0.0865433	1.4716	43.7187
3	36	0.996547	0.0830291	1.50546	43.5914
3	37	0.996941	0.0781584	1.53826	43.4664
3	38	0.997394	0.0721447	1.56955	43.3462
3	39	0.997877	0.0651201	1.59901	43.2329
3	40	0.998368	0.057116	1.62643	43.1288
3	41	0.998845	0.0480391	1.65175	43.0359
3	42	0.999291	0.0376397	1.67507	42.9565
3	43	0.999676	0.0254726	1.69677	42.8935
3	44	0.999941	0.0108708	1.71765	42.8503
3	45	0.999976	-0.00698486	1.73938	42.8316
3	46	0.99959	-0.028623	1.76499	42.8438
3	47	0.998609	-0.0527329	1.7994	42.8943
3	48	0.997371	-0.0724642	1.84803	42.9892
3	49	0.908328	-0.418259	2.0966	43.1231
3	50	0	0	2.122e-314	44
4	0	0.946047	0.32403	2.11406	42
4	1	0.997494	0.070748	1.88705	41.315
4	2	0.999062	0.0432967	1.8379	41.1815
4	3	0.99977	0.0214247	1.80482	41.1019
4	4	0.999996	0.00284061	1.78032	41.0632
4	5	0.999913	-0.0131781	1.7602	41.0582
4	6	0.999631	-0.027179	1.74178	41.0814
4	7	0.999214	-0.0396483	1.72338	41.1287
4	8	0.9987	-0.050973	1.70393	41.197
4	9	0.998112	-0.0614217	1.68276	41.2839
4	10	0.997466	-0.0711463	1.65945	41.3873
4	11	0.99678	-0.0801899	1.63378	41.5053
4	12	0.996077	-0.088495	1.60561	41.6363
4	13	0.99539	-0.0959098	1.57497	41.7784
4	14	0.994765	-0.102194	1.54196	41.9295
4	15	0.994256	-0.107024	1.50686	42.0871
4	16	0.993931	-0.110004	1.47008	42.2483
4	17	0.993855	-0.110686	1.43223	42.41
4	18	0.994086	-0.108594	1.39408	42.5686
4	19	0.994653	-0.103276	1.35664	42.72
4	20	0.995538	-0.0943661	1.32109	42.8601
4	21	0.996659	-0.0816744	1.28874	42.9847
4	22	0.997867	-0.0652803	1.26097	43.09
4	23	0.998959	-0.0456106	1.23912	43.1723
4	24	0.999725	-0.0234639	1.22429	43.2288
4	25	1	4.30059e-05	1.21725	43.2575
4	26	0.999721	0.0236066	1.21833	43.2575
4	27	0.998945	0.0459169	1.22741	43.2287
4	28	0.99783	0.0658399	1.24391	43.1724
4	29	0.996587	0.0825514	1.26693	43.0905
4	30	0.99542	0.0955931	1.29533	42.9859
4	31	0.994488	0.104851	1.32784	42.8621
4	32	0.993878	0.110487	1.3632	42.7228
4	33	0.993613	0.112841	1.40025	42.5722
4	34	0.993668	0.112355	1.43793	42.4142
4	35	0.993988	0.109493	1.47538	42.2527
4	36	0.994504	0.104697	1.51187	42.0911
4	37	0.995152	0.0983482	1.54688	41.9328
4	38	0.995874	0.0907503	1.58002	41.7807
4	39	0.996623	0.0821122	1.61108	41.6373
4	40	0.997366	0.0725398	1.63999	41.505
4	41	0.998074	0.0620289	1.66684	41.3861
4	42	0.998726	0.0504626	1.69192	41.2827
4	43	0.999292	0.0376247	1.7158	41.1973
4	44	0.999729	0.0232583	1.73944	41.1327
4	45	0.999974	0.00724352	1.76436	41.0923
4	46	0.99995	-0.00997516	1.79281	41.0795
4	47	0.999646	-0.026605	1.82745	41.0974
4	48	0.999245	-0.0388639	1.87013	41.146
4	49	0.926067	-0.37736	2.0705	41.2187
4	50	0	0	2.122e-314	42
5	0	0.962042	0.2729	2.07891	40
5	1	0.99895	0.0458137	1.90701	39.4327
5	2	0.999671	0.0256392	1.86427	39.3453
5	3	0.999968	0.0079569	1.83206	39.2975
5	4	0.999965	-0.00842254	1.80612	39.2829
5	5	0.999721	-0.0236025	1.78384	39.2981
5	6	0.99929	-0.0376873	1.76329	39.3402
5	7	0.998706	-0.0508544	1.74305	39.4067
5	8	0.997995	-0.0632885	1.72206	39.4953
5	9	0.997174	-0.0751288	1.69958	39.6043
5	10	0.996257	-0.0864419	1.67507	39.732
5	11	0.995264	-0.0972086	1.64814	39.8768
5	12	0.994225	-0.107316	1.61855	40.037
5	13	0.993184	-0.116554	1.58615	40.2107
5	14	0.992206	-0.124608	1.55095	40.3956
5	15	0.991374	-0.131064	1.51311	40.5888
5	16	0.99079	-0.135407	1.47299	40.7872
5	17	0.990566	-0.137035	1.43114	40.9866
5	18	0.990806	-0.13529	1.38841	41.1827
5	19	0.991579	-0.129507	1.34592	41.3706
5	20	0.992883	-0.119096	1.30506	41.5449
5	21	0.994611	-0.103673	1.26748	41.7003
5	22	0.996532	-0.0832151	1.23497	41.8317
5	23	0.998304	-0.0582097	1.20932	41.9345
5	24	0.999558	-0.0297225	1.19203	42.0049
5	25	1	0.000671308	1.18413	42.0403
5	26	0.999516	0.0310953	1.18604	42.0395
5	27	0.998218	0.0596719	1.19753	42.0026
5	28	0.996396	0.0848235	1.21778	41.9312
5	29	0.994422	0.105479	1.2455	41.8279
5	30	0.992636	0.121134	1.27913	41.6965
5	31	0.991278	0.131784	1.31704	41.5415
5	32	0.990462	0.137786	1.35764	41.368
5	33	0.990192	0.139711	1.39953	41.1809
5	34	0.990403	0.138213	1.44152	40.9854
5	35	0.990988	0.133949	1.48265	40.7862
5	36	0.991837	0.127513	1.52222	40.5876
5	37	0.992844	0.119415	1.55973	40.3935
5	38	0.993925	0.110055	1.59489	40.2072
5	39	0.995015	0.099728	1.62759	40.0317
5	40	0.996065	0.088621	1.6579	39.8694
5	41	0.997045	0.0768248	1.68604	39.7224
5	42	0.997927	0.0643525	1.71244	39.5929
5	43	0.998689	0.0511799	1.73775	39.4827
5	44	0.999303	0.037328	1.76292	39.3938
5	45	0.999735	0.0230172	1.78919	39.328
5	46	0.99996	0.00891372	1.81807	39.2868
5	47	0.999993	-0.00362423	1.851	39.2706
5	48	0.999919	-0.0126945	1.88859	39.2773
5	49	0.940246	-0.340495	2.05216	39.3012
5	50	0	0	2.122e-314	40
6	0	0.973227	0.229847	2.05502	38
6	1	0.999713	0.0239461	1.92169	37.5277
6	2	0.999963	0.00856513	1.88469	37.4816
6	3	0.999981	-0.00613041	1.85475	37.4655
6	4	0.999785	-0.0207316	1.82921	37.4769
6	5	0.999384	-0.0350984	1.80644	37.5148
6	6	0.998792	-0.0491299	1.78508	37.5782
6	7	0.998024	-0.0628269	1.76397	37.6659
6	8	0.99709	-0.0762359	1.74218	37.7767
6	9	0.995996	-0.0893962	1.71894	37.9095
6	10	0.994753	-0.102302	1.69362	38.0632
6	11	0.99338	-0.114877	1.66572	38.2365
6	12	0.991908	-0.126957	1.63487	38.4278
6	13	0.990394	-0.138275	1.60077	38.6354
6	14	0.988921	-0.148445	1.56329	38.8567
6	15	0.987605	-0.156957	1.52244	39.0888
6	16	0.986599	-0.163163	1.47847	39.3277
6	17	0.986077	-0.166287	1.4319	39.569
6	18	0.98622	-0.165441	1.38358	39.8071
6	19	0.987171	-0.159669	1.33477	40.036
6	20	0.98898	-0.148048	1.28709	40.2491
6	21	0.991533	-0.129854	1.24264	40.4397
6	22	0.994491	-0.104827	1.20378	40.601
6	23	0.997298	-0.0734562	1.17298	40.7272
6	24	0.99931	-0.0371452	1.15234	40.8134
6	25	0.999998	0.00186555	1.14328	40.8562
6	26	0.999166	0.0408352	1.14634	40.854
6	27	0.997028	0.0770379	1.16113	40.8072
6	28	0.994121	0.108274	1.18639	40.7178
6	29	0.99109	0.133192	1.22031	40.5893
6	30	0.988483	0.15133	1.26072	40.4268
6	31	0.986637	0.162934	1.30547	40.236
6	32	0.985667	0.168701	1.35256	40.0233
6	33	0.985523	0.16954	1.40031	39.7951
6	34	0.986058	0.166401	1.44738	39.5577
6	35	0.987088	0.160176	1.49276	39.3169
6	36	0.988436	0.151639	1.53575	39.0778
6	37	0.989948	0.141433	1.57593	38.8449
6	38	0.991506	0.130059	1.61312	38.622
6	39	0.993026	0.117894	1.64734	38.4122
6	40	0.994451	0.105199	1.67878	38.218
6	41	0.995746	0.092144	1.70781	38.0414
6	42	0.996887	0.0788418	1.73495	37.884
6	43	0.99786	0.0653933	1.76089	37.7472
6	44	0.998649	0.0519614	1.78649	37.6321
6	45	0.999244	0.0388729	1.81275	37.5392
6	46	0.999643	0.0267271	1.8407	37.4688
6	47	0.999865	0.0164294	1.87116	37.4196
6	48	0.99996	0.00899125	1.90436	37.3888
6	49	0.951339	-0.308147	2.03892	37.3717
6	50	0	0	2.122e-314	38
7	0	0.981191	0.193041	2.03834	36
7	1	0.999988	0.00490949	1.93353	35.6065
7	2	0.999974	-0.00723828	1.90152	35.597
7	3	0.999802	-0.0198829	1.8744	35.6108
7	4	0.999449	-0.03319	1.85032	35.6481
7	5	0.998898	-0.046935	1.8282	35.7095
7	6	0.998141	-0.0609456	1.80707	35.7953
7	7	0.997173	-0.0751409	1.786	35.9054
7	8	0.995988	-0.089491	1.76414	36.0396
7	9	0.99458	-0.103972	1.74074	36.1975
7	10	0.992951	-0.118529	1.71513	36.3785
7	11	0.99111	-0.133047	1.6867	36.5818
7	12	0.989089	-0.147321	1.6549	36.8062
7	13	0.986948	-0.16104	1.61931	37.05
7	14	0.984789	-0.173755	1.57959	37.3108
7	15	0.982764	-0.184863	1.53557	37.5852
7	16	0.981084	-0.193583	1.48735	37.8691
7	17	0.980011	-0.198945	1.43533	38.157
7	18	0.979839	-0.199789	1.38035	38.4426
7	19	0.980845	-0.19479	1.32374	38.7183
7	20	0.9832	-0.182533	1.26743	38.9762
7	21	0.986836	-0.161723	1.21397	39.2075
7	22	0.991303	-0.131602	1.1666	39.4039
7	23	0.995711	-0.0925129	1.12881	39.5574
7	24	0.998929	-0.0462714	1.10363	39.6618
7	25	0.999992	0.00388026	1.09306	39.7129
7	26	0.99855	0.0538337	1.09779	39.7086
7	27	0.995034	0.0995369	1.11712	39.6495
7	28	0.990446	0.1379	1.14919	39.5384
7	29	0.985906	0.167298	1.1913	39.3799
7	30	0.982262	0.187516	1.24045	39.1806
7	31	0.979937	0.199307	1.29376	38.948
7	32	0.978987	0.203923	1.34877	38.6901
7	33	0.979228	0.202761	1.40348	38.4151
7	34	0.980373	0.197151	1.45639	38.1305
7	35	0.98212	0.188258	1.50649	37.8434
7	36	0.984202	0.177048	1.55314	37.5598
7	37	0.986411	0.164294	1.59602	37.2848
7	38	0.988596	0.15059	1.6351	37.0226
7	39	0.990657	0.136377	1.67055	36.7763
7	40	0.992534	0.121972	1.70272	36.5485
7	41	0.994195	0.107597	1.73211	36.3408
7	42	0.995627	0.0934213	1.75934	36.1545
7	43	0.996826	0.0796069	1.78511	35.9901
7	44	0.997796	0.0663634	1.81022	35.848
7	45	0.998541	0.0540074	1.83549	35.7279
7	46	0.999075	0.0430027	1.86167	35.6287
7	47	0.999424	0.0339364	1.88928	35.5487
7	48	0.999625	0.0273887	1.91847	35.4846
7	49	0.960039	-0.279865	2.0295	35.432
7	50	0	0	2.122e-314	36
8	0	0.986897	0.161353	2.02655	34
8	1	0.999933	-0.0116005	1.9438	33.673
8	2	0.999769	-0.0215017	1.91624	33.6956
8	3	0.999463	-0.0327637	1.89219	33.7368
8	4	0.998978	-0.0451946	1.87023	33.7988
8	5	0.998285	-0.0585454	1.84958	33.8833
8	6	0.997358	-0.0726397	1.82952	33.9916
8	7	0.996175	-0.0873753	1.80928	34.1245
8	8	0.994713	-0.102694	1.7881	34.2825
8	9	0.992949	-0.118545	1.76523	34.4662
8	10	0.990866	-0.134852	1.73994	34.6754
8	11	0.98846	-0.15148	1.71152	34.9101
8	12	0.985751	-0.16821	1.67929	35.1693
8	13	0.982795	-0.184701	1.64259	35.4518
8	14	0.979701	-0.200463	1.60087	35.7552
8	15	0.976655	-0.214816	1.55371	36.0761
8	16	0.973928	-0.226856	1.50096	36.4099
8	17	0.971894	-0.235419	1.44284	36.7504
8	18	0.971007	-0.239053	1.38008	37.09
8	19	0.971755	-0.235991	1.31406	37.42
8	20	0.974554	-0.224151	1.24689	37.7301
8	21	0.97953	-0.201299	1.18165	38.0095
8	22	0.98618	-0.165678	1.12274	38.2474
8	23	0.993117	-0.117123	1.07536	38.4334
8	24	0.998322	-0.0579096	1.044	38.5594
8	25	0.999974	0.00715884	1.03151	38.6198
8	26	0.997426	0.0716974	1.03872	38.6125
8	27	0.991582	0.129482	1.06446	38.538
8	28	0.984366	0.176133	1.10583	38.4001
8	29	0.977724	0.209895	1.15884	38.2054
8	30	0.972889	0.231273	1.21921	37.9621
8	31	0.970286	0.241962	1.28317	37.6802
8	32	0.969756	0.244078	1.34768	37.3697
8	33	0.970852	0.239679	1.41045	37.0408
8	34	0.973062	0.230544	1.46991	36.7027
8	35	0.975921	0.218124	1.52508	36.3638
8	36	0.979061	0.203568	1.57545	36.0312
8	37	0.982215	0.18776	1.62088	35.7105
8	38	0.985209	0.17136	1.66152	35.4061
8	39	0.987938	0.154849	1.69774	35.1214
8	40	0.990353	0.138568	1.73009	34.8585
8	41	0.992437	0.122759	1.7592	34.6188
8	42	0.994194	0.107606	1.78579	34.4028
8	43	0.99564	0.0932795	1.81061	34.2107
8	44	0.996797	0.0799777	1.83443	34.0418
8	45	0.997688	0.0679588	1.85794	33.895
8	46	0.998342	0.0575545	1.88175	33.7688
8	47	0.998792	0.0491414	1.90627	33.6605
8	48	0.999072	0.043067	1.93163	33.5668
8	49	0.966879	-0.255235	2.02318	33.4836
8	50	0	0	2.122e-314	34
9	0	0.990967	0.134109	2.01823	32
9	1	0.999667	-0.0258178	1.95321	31.7293
9	2	0.999418	-0.0341103	1.92976	31.7798
9	3	0.999012	-0.0444497	1.90893	31.8456
9	4	0.998412	-0.0563259	1.88954	31.9304
9	5	0.997583	-0.0694865	1.871	32.0369
9	6	0.996484	-0.0837822	1.85271	32.1669
9	7	0.995075	-0.0991264	1.83404	32.3221
9	8	0.993311	-0.115467	1.81428	32.5039
9	9	0.991149	-0.132757	1.79268	32.7134
9	10	0.988545	-0.150927	1.76845	32.9514
9	11	0.98547	-0.169851	1.74079	33.2183
9	12	0.981916	-0.189316	1.70881	33.514
9	13	0.977919	-0.208984	1.67164	33.8375
9	14	0.973579	-0.228349	1.62843	34.1868
9	15	0.969095	-0.246687	1.57842	34.5587
9	16	0.964796	-0.262998	1.52109	34.948
9	17	0.961172	-0.275952	1.45637	35.3481
9	18	0.958877	-0.283821	1.38479	35.75
9	19	0.958707	-0.284394	1.30767	36.143
9	20	0.961505	-0.274789	1.22709	36.5149
9	21	0.967907	-0.251307	1.1464	36.8521
9	22	0.977653	-0.210227	1.07158	37.1402
9	23	0.988681	-0.150034	1.01085	37.3655
9	24	0.997306	-0.0733528	0.971003	37.5171
9	25	0.999922	0.0125003	0.956115	37.5884
9	26	0.995273	0.0971139	0.967164	37.5764
9	27	0.985355	0.170514	1.0021	37.4825
9	28	0.974015	0.226485	1.05638	37.3116
9	29	0.964611	0.263677	1.12396	37.0723
9	30	0.958713	0.284375	1.19862	36.776
9	31	0.956448	0.291902	1.27562	36.4351
9	32	0.957143	0.289615	1.3513	36.0628
9	33	0.959888	0.280382	1.42317	35.6714
9	34	0.96385	0.266446	1.4897	35.2724
9	35	0.968372	0.249511	1.55007	34.8755
9	36	0.972987	0.230861	1.604	34.4887
9	37	0.977389	0.21145	1.65158	34.1184
9	38	0.981402	0.191966	1.69322	33.7692
9	39	0.984941	0.172893	1.72955	33.4441
9	40	0.987983	0.15456	1.76133	33.1451
9	41	0.990545	0.13719	1.78938	32.8729
9	42	0.992659	0.120944	1.81455	32.6274
9	43	0.99437	0.105963	1.83764	32.4079
9	44	0.995722	0.0923981	1.85941	32.2132
9	45	0.99676	0.0804311	1.88052	32.0414
9	46	0.997527	0.0702804	1.90149	31.8902
9	47	0.998065	0.0621787	1.92268	31.7565
9	48	0.998412	0.0563318	1.94425	31.637
9	49	0.972237	-0.234	2.01948	31.5274
9	50	0	0	2.122e-314	32
10	0	0.993829	0.110922	2.01242	30
10	1	0.999282	-0.0378947	1.96214	29.7768
10	2	0.998987	-0.0450005	1.94261	29.8511
10	3	0.998502	-0.0547242	1.92514	29.9386
10	4	0.997802	-0.0662734	1.90869	30.0439
10	5	0.996843	-0.079399	1.89277	30.1704
10	6	0.995573	-0.0939933	1.8769	30.3207
10	7	0.993931	-0.110007	1.8605	30.4971
10	8	0.991849	-0.127418	1.84292	30.7018
10	9	0.989253	-0.146211	1.8234	30.9366
10	10	0.986067	-0.166348	1.80112	31.2032
10	11	0.982219	-0.18774	1.77512	31.5028
10	12	0.977656	-0.210211	1.74435	31.8361
10	13	0.972366	-0.23346	1.70766	32.2027
10	14	0.96641	-0.257006	1.66383	32.6014
10	15	0.959964	-0.280124	1.61166	33.029
10	16	0.953381	-0.301769	1.55009	33.4805
10	17	0.947252	-0.320489	1.47856	33.9483
10	18	0.942446	-0.334358	1.39732	34.4221
10	19	0.940113	-0.340862	1.3076	34.8893
10	20	0.941711	-0.336424	1.2111	35.335
10	21	0.94898	-0.315335	1.11016	35.7425
10	22	0.96284	-0.270072	1.01269	36.0926
10	23	0.980644	-0.1958	0.932994	36.3661
10	24	0.995495	-0.0948149	0.881431	36.5487
10	25	0.99977	0.0214239	0.863716	36.6323
10	26	0.99087	0.13482	0.880859	36.6138
10	27	0.973533	0.228547	0.929265	36.4951
10	28	0.955805	0.294002	1.0017	36.2827
10	29	0.943337	0.331837	1.08883	35.9882
10	30	0.93729	0.348549	1.18142	35.6269
10	31	0.936816	0.349823	1.27402	35.2151
10	32	0.940208	0.3406	1.36245	34.7694
10	33	0.945849	0.324606	1.44419	34.3053
10	34	0.952534	0.304433	1.51799	33.8365
10	35	0.959438	0.281918	1.58337	33.3744
10	36	0.966039	0.258398	1.64036	32.928
10	37	0.972036	0.234833	1.68936	32.5042
10	38	0.977293	0.211892	1.73115	32.1074
10	39	0.981781	0.190014	1.76665	31.7406
10	40	0.985534	0.169475	1.79692	31.4049
10	41	0.988619	0.150441	1.82299	31.1004
10	42	0.991114	0.133014	1.84586	30.8262
10	43	0.993099	0.117275	1.86641	30.5806
10	44	0.99465	0.103305	1.88541	30.3618
10	45	0.995832	0.0912066	1.90352	30.167
10	46	0.996706	0.0810994	1.92122	29.9934
10	47	0.997324	0.0731111	1.93884	29.8376
10	48	0.997729	0.067352	1.95656	29.6958
10	49	0.976385	-0.216037	2.01805	29.564
10	50	0	0	2.122e-314	30
11	0	0.995797	0.0915875	2.00844	28
11	1	0.998851	-0.0479171	1.97078	27.8161
11	2	0.998534	-0.0541199	1.95513	27.9105
11	3	0.997987	-0.0634233	1.94115	28.0163
11	4	0.997199	-0.0747903	1.92795	28.1394
11	5	0.996122	-0.0879787	1.91512	28.2836
11	6	0.994689	-0.102929	1.90225	28.4521
11	7	0.992817	-0.11964	1.88882	28.6479
11	8	0.990412	-0.138142	1.87421	28.8739
11	9	0.987364	-0.15847	1.85769	29.1328
11	10	0.983549	-0.180642	1.83836	29.4272
11	11	0.978839	-0.204633	1.81516	29.7592
11	12	0.973111	-0.230339	1.78686	30.1307
11	13	0.96627	-0.257532	1.752	30.5423
11	14	0.958287	-0.285807	1.70894	30.9935
11	15	0.949258	-0.314499	1.65586	31.4819
11	16	0.939489	-0.342578	1.59096	32.0027
11	17	0.929615	-0.368533	1.51286	32.5477
11	18	0.920676	-0.390328	1.42139	33.1052
11	19	0.914109	-0.405469	1.31823	33.66
11	20	0.911874	-0.41047	1.20453	34.1945
11	21	0.917522	-0.397686	1.07756	34.689
11	22	0.935756	-0.352647	0.946067	35.1175
11	23	0.964957	-0.262408	0.838976	35.4511
11	24	0.991974	-0.126442	0.771232	35.6713
11	25	0.999314	0.0370465	0.750506	35.7688
11	26	0.981066	0.193672	0.777658	35.741
11	27	0.949643	0.313334	0.846188	35.5904
11	28	0.922642	0.385657	0.944391	35.3252
11	29	0.908741	0.417361	1.05788	34.961
11	30	0.905243	0.424894	1.17198	34.5195
11	31	0.909515	0.415672	1.28262	34.0215
11	32	0.918065	0.39643	1.38499	33.4884
11	33	0.928402	0.371578	1.4768	32.9393
11	34	0.939077	0.343708	1.55753	32.3906
11	35	0.949235	0.314568	1.62724	31.8553
11	36	0.958398	0.285436	1.68634	31.3434
11	37	0.966354	0.257216	1.73564	30.862
11	38	0.973072	0.2305	1.77633	30.4156
11	39	0.978629	0.205635	1.80976	30.0062
11	40	0.983151	0.182796	1.83731	29.634
11	41	0.986782	0.16205	1.86031	29.2982
11	42	0.989663	0.143411	1.87989	28.9967
11	43	0.991919	0.126872	1.89704	28.7271
11	44	0.993659	0.112431	1.91257	28.4864
11	45	0.994977	0.100107	1.9271	28.2714
11	46	0.995948	0.0899341	1.94112	28.0785
11	47	0.996636	0.0819574	1.95492	27.9039
11	48	0.997091	0.0762172	1.9687	27.7437
11	49	0.979527	-0.201312	2.01859	27.5936
11	50	0	0	2.122e-314	28
12	0	0.997107	0.0760129	2.0058	26
12	1	0.998435	-0.0559243	1.97924	25.8475
12	2	0.998112	-0.0614155	1.96747	25.9582
12	3	0.997518	-0.0704105	1.95714	26.0791
12	4	0.99666	-0.0816686	1.94748	26.2169
12	5	0.995481	-0.0949579	1.93817	26.3759
12	6	0.993902	-0.110269	1.92884	26.5599
12	7	0.991818	-0.12766	1.91906	26.7726
12	8	0.989103	-0.147222	1.90826	27.0176
12	9	0.985606	-0.16906	1.89571	27.2986
12	10	0.981145	-0.193272	1.8805	27.6191
12	11	0.975518	-0.21992	1.86149	27.9825
12	12	0.968502	-0.249004	1.83727	28.3919
12	13	0.95988	-0.280412	1.80609	28.8494
12	14	0.949466	-0.313871	1.76582	29.3558
12	15	0.937178	-0.348851	1.71395	29.9101
12	16	0.923157	-0.384423	1.64753	30.508
12	17	0.907963	-0.41905	1.5637	31.1413
12	18	0.892757	-0.450539	1.46146	31.7966
12	19	0.879063	-0.476705	1.34492	32.455
12	20	0.868279	-0.496076	1.2178	33.0962
12	21	0.864896	-0.501951	1.05972	33.7003
12	22	0.882964	-0.46944	0.871976	34.2322
12	23	0.931094	-0.364779	0.725613	34.6415
12	24	0.984199	-0.177066	0.63573	34.9062
12	25	0.997785	0.0665273	0.612489	35.0188
12	26	0.95667	0.291174	0.656833	34.9781
12	27	0.897838	0.440326	0.756025	34.7868
12	28	0.86022	0.509923	0.890745	34.4539
12	29	0.853865	0.520495	1.0396	33.9997
12	30	0.858413	0.512959	1.17672	33.4586
12	31	0.872818	0.488046	1.30745	32.855
12	32	0.890246	0.455481	1.424	32.2169
12	33	0.907576	0.419887	1.525	31.5683
12	34	0.923719	0.38307	1.61152	30.928
12	35	0.938088	0.346396	1.68427	30.3106
12	36	0.950406	0.311013	1.744	29.7272
12	37	0.960657	0.277736	1.79194	29.1848
12	38	0.969007	0.247033	1.82982	28.6871
12	39	0.975702	0.219102	1.85952	28.2351
12	40	0.981008	0.193965	1.88288	27.8277
12	41	0.985175	0.17155	1.90149	27.4624
12	42	0.988419	0.151747	1.91669	27.1362
12	43	0.990921	0.134442	1.92954	26.8454
12	44	0.992829	0.119542	1.94087	26.586
12	45	0.994261	0.106978	1.95129	26.354
12	46	0.995313	0.0967088	1.96123	26.1452
12	47	0.996057	0.0887116	1.97098	25.9556
12	48	0.996552	0.0829718	1.98068	25.7807
12	49	0.981816	-0.189836	2.02087	25.6164
12	50	0	0	2.122e-314	26
13	0	0.997939	0.0641739	2.00413	24
13	1	0.998081	-0.0619256	1.98754	23.8714
13	2	0.997764	-0.0668326	1.97968	23.9945
13	3	0.997141	-0.0755668	1.97315	24.1268
13	4	0.996232	-0.0867273	1.9673	24.2759
13	5	0.994978	-0.100096	1.96188	24.4465
13	6	0.993282	-0.115715	1.95662	24.6429
13	7	0.991021	-0.133705	1.95116	24.8693
13	8	0.988035	-0.15423	1.94501	25.1302
13	9	0.984125	-0.177478	1.9375	25.4301
13	10	0.979045	-0.203643	1.92774	25.774
13	11	0.9725	-0.232902	1.91454	26.1666
13	12	0.964144	-0.265381	1.89638	26.6125
13	13	0.953585	-0.301123	1.87127	27.1157
13	14	0.94041	-0.340044	1.83669	27.6792
13	15	0.924225	-0.381849	1.78934	28.3038
13	16	0.904797	-0.425843	1.72481	28.987
13	17	0.882393	-0.470514	1.63721	29.7215
13	18	0.858346	-0.513071	1.52201	30.4919
13	19	0.834615	-0.550834	1.39063	31.2728
13	20	0.809795	-0.586713	1.26972	32.0388
13	21	0.780303	-0.625401	1.08499	32.7837
13	22	0.769851	-0.638224	0.789144	33.4623
13	23	0.846922	-0.531717	0.5917	33.9659
13	24	0.962948	-0.269687	0.471358	34.2806
13	25	0.991556	0.129683	0.447148	34.4077
13	26	0.886996	0.461776	0.523344	34.3497
13	27	0.778721	0.62737	0.670013	34.108
13	28	0.739492	0.673165	0.855139	33.6877
13	29	0.774939	0.632036	1.04984	33.112
13	30	0.792035	0.610475	1.20343	32.4485
13	31	0.826098	0.563526	1.35688	31.7138
13	32	0.857338	0.514753	1.48605	30.9492
13	33	0.884003	0.467481	1.59337	30.1842
13	34	0.907072	0.420975	1.68354	29.4394
13	35	0.926587	0.376081	1.75741	28.7306
13	36	0.942588	0.333958	1.81563	28.0697
13	37	0.955383	0.29537	1.85988	27.4634
13	38	0.965441	0.260622	1.89262	26.914
13	39	0.973263	0.229695	1.91647	26.4207
13	40	0.979304	0.202397	1.93379	25.9805
13	41	0.983945	0.178469	1.94652	25.5892
13	42	0.987495	0.15765	1.95614	25.2418
13	43	0.990194	0.139702	1.96377	24.9334
13	44	0.992228	0.124431	1.9702	24.659
13	45	0.993744	0.111686	1.97598	24.4139
13	46	0.99485	0.101355	1.98149	24.1932
13	47	0.995633	0.0933583	1.98694	23.9924
13	48	0.996152	0.0876373	1.99246	23.8069
13	49	0.983365	-0.181639	2.02468	23.6322
13	50	0	0	2.122e-314	24
14	0	0.998426	0.0560792	2.00315	22
14	1	0.997825	-0.0659157	1.99563	21.8877
14	2	0.997525	-0.0703195	1.99175	22.0192
14	3	0.996891	-0.0787894	1.98914	22.1593
14	4	0.995959	-0.0898089	1.98732	22.316
14	5	0.994663	-0.103178	1.98614	22.4945
14	6	0.992896	-0.118989	1.98542	22.6994
14	7	0.990512	-0.137428	1.98492	22.9356
14	8	0.987321	-0.158738	1.98427	23.2084
14	9	0.983076	-0.183199	1.98289	23.5234
14	10	0.97746	-0.211119	1.98001	23.8867
14	11	0.970075	-0.242804	1.97447	24.3047
14	12	0.960428	-0.278529	1.96472	24.7841
14	13	0.947919	-0.31851	1.94865	25.3313
14	14	0.931832	-0.36289	1.92354	25.952
14	15	0.911306	-0.411729	1.88573	26.65
14	16	0.885391	-0.464847	1.82952	27.4264
14	17	0.853496	-0.521099	1.74356	28.2769
14	18	0.81717	-0.576397	1.60771	29.1854
14	19	0.782002	-0.623276	1.44147	30.1121
14	20	0.746308	-0.6656	1.39205	31.0106
14	21	0.555294	-0.831654	1.10341	31.9371
14	22	0.265874	-0.964008	0.632826	32.8548
14	23	0.401657	-0.91579	0.395121	33.4648
14	24	0.774848	-0.632147	0.217735	33.8267
14	25	0.927017	0.37502	0.210176	33.9643
14	26	0.622928	0.782279	0.382494	33.8855
14	27	0.503304	0.86411	0.61446	33.5863
14	28	0.504671	0.863312	0.876676	33.0553
14	29	0.689487	0.724298	1.10884	32.2985
14	30	0.719371	0.694626	1.29915	31.4953
14	31	0.772033	0.635582	1.44397	30.5929
14	32	0.821979	0.569518	1.57931	29.6751
14	33	0.858975	0.512018	1.68631	28.7757
14	34	0.890096	0.455772	1.77727	27.9123
14	35	0.915584	0.402126	1.84998	27.1022
14	36	0.935663	0.352895	1.90383	26.3583
14	37	0.951086	0.308926	1.94114	25.6865
14	38	0.96278	0.270286	1.9656	25.0868
14	39	0.971598	0.236636	1.98086	24.5555
14	40	0.978237	0.207488	1.98995	24.0868
14	41	0.983234	0.182349	1.99511	23.6739
14	42	0.986991	0.160777	1.99789	23.3101
14	43	0.989809	0.142403	1.99937	22.9889
14	44	0.991912	0.126928	2.00023	22.7041
14	45	0.993466	0.114126	2.00092	22.4503
14	46	0.994596	0.103821	2.00169	22.2219
14	47	0.995392	0.0958862	2.00269	22.0141
14	48	0.995921	0.0902297	2.00394	21.8221
14	49	0.984257	-0.176745	2.02981	21.6412
14	50	0	0	2.122e-314	22
15	0	0.99866	0.0517432	2.00268	20
15	1	0.997693	-0.0678874	2.00346	19.8964
15	2	0.997417	-0.071835	2.00359	20.0324
15	3	0.996795	-0.0799954	2.00498	20.1763
15	4	0.995871	-0.0907825	2.00736	20.3367
15	5	0.994575	-0.104018	2.01068	20.5189
15	6	0.992793	-0.119841	2.01491	20.7281
15	7	0.990362	-0.138502	2.01994	20.9696
15	8	0.987064	-0.160324	2.02557	21.2493
15	9	0.982608	-0.185692	2.03144	21.5741
15	10	0.976606	-0.215035	2.03692	21.9513
15	11	0.968554	-0.248805	2.04105	22.3893
15	12	0.957801	-0.287432	2.04236	22.8971
15	13	0.943528	-0.331291	2.03875	23.4842
15	14	0.924688	-0.380726	2.02761	24.1596
15	15	0.899847	-0.436206	2.00606	24.9315
15	16	0.866861	-0.498551	1.97003	25.8066
15	17	0.822723	-0.568443	1.90507	26.7888
15	18	0.766864	-0.64181	1.73451	27.8717
15	19	0.715954	-0.698148	1.4134	28.9849
15	20	0.487787	-0.872963	1.54959	29.9717
15	21	0.527064	-0.849826	1.60282	31.3244
15	22	1.14678e-14	-1	0.619599	32.6865
15	23	0	-1	0.351839	33.3061
15	24	6.37169e-14	-1	0.111516	33.6579
15	25	0	1	0.12225	33.7695
15	26	0	1	0.370211	33.6472
15	27	-1.06988e-14	1	0.664134	33.277
15	28	0	1	1.07894	32.6129
15	29	0.537486	0.843273	1.15404	31.5339
15	30	0.625523	0.780206	1.38764	30.5608
15	31	0.7729	0.634527	1.73535	29.4781
15	32	0.790246	0.61279	1.71312	28.377
15	33	0.833775	0.552104	1.80558	27.3272
15	34	0.87388	0.486141	1.89636	26.3303
15	35	0.906179	0.422894	1.96611	25.4084
15	36	0.930532	0.366209	2.0117	24.577
15	37	0.948417	0.317026	2.03741	23.8403
15	38	0.96146	0.274946	2.04927	23.1944
15	39	0.970991	0.239118	2.05249	22.6309
15	40	0.97799	0.208652	2.0508	22.1401
15	41	0.983156	0.182769	2.04658	21.7122
15	42	0.986982	0.160834	2.04128	21.3382
15	43	0.989818	0.142342	2.03576	21.0099
15	44	0.991915	0.126904	2.0305	20.7201
15	45	0.993455	0.114224	2.02574	20.4624
15	46	0.994569	0.104077	2.02158	20.231
15	47	0.995352	0.0962997	2.018	20.0206
15	48	0.995872	0.0907736	2.01496	19.8263
15	49	0.984543	-0.175144	2.0361	19.6434
15	50	0	0	2.122e-314	20
16	0	0.99869	0.0511624	2.00262	18
16	1	0.997696	-0.0678432	2.01092	17.8975
16	2	0.997451	-0.0713561	2.01506	18.034
16	3	0.996864	-0.0791283	2.02048	18.1778
16	4	0.995982	-0.0895497	2.02714	18.3376
16	5	0.994737	-0.102465	2.03515	18.5192
16	6	0.993007	-0.118057	2.04462	18.7277
16	7	0.990622	-0.136633	2.05564	18.9691
16	8	0.987344	-0.158596	2.06825	19.2499
16	9	0.982845	-0.184435	2.08235	19.578
16	10	0.976676	-0.214719	2.09767	19.962
16	11	0.96823	-0.250062	2.11356	20.4124
16	12	0.956706	-0.291056	2.12878	20.9409
16	13	0.941083	-0.338176	2.14128	21.5605
16	14	0.920062	-0.391772	2.14851	22.2847
16	15	0.891805	-0.452419	2.14946	23.1264
16	16	0.852871	-0.522121	2.14998	24.0989
16	17	0.794649	-0.60707	2.17461	25.2214
16	18	0.600389	-0.799708	1.78994	26.5415
16	19	0.329215	-0.944255	1.31619	27.973
16	20	0.552652	-0.833412	1.51644	29.2158
16	21	-0.999497	-0.0317287	69.5554	30.4796
16	22	-0.999958	-0.00920429	67.3163	32.6865
16	23	-0.999986	-0.00527535	66.6948	33.3061
16	24	-0.999999	-0.00168092	66.3421	33.6579
16	25	-0.999998	0.00184582	66.2307	33.7695
16	26	-0.999984	0.00557935	66.3538	33.6472
16	27	-0.99995	0.00995311	66.7263	33.277
16	28	-0.999682	0.0252078	67.4086	32.6129
16	29	-0.999844	0.0176692	69.0971	30.9136
16	30	-0.999632	0.0271308	57.3481	29.6927
16	31	0.671821	0.740713	1.5035	28.1368
16	32	0.76775	0.64075	1.87506	27.0232
16	33	0.82351	0.567301	2.0247	25.8217
16	34	0.859346	0.511395	2.04607	24.6731
16	35	0.899763	0.43638	2.11229	23.6268
16	36	0.928279	0.371885	2.14332	22.705
16	37	0.948071	0.318058	2.15019	21.908
16	38	0.961889	0.273439	2.14345	21.2241
16	39	0.97167	0.236343	2.13037	20.638
16	40	0.978688	0.205354	2.11511	20.1345
16	41	0.98378	0.179379	2.09975	19.7001
16	42	0.987504	0.157596	2.08529	19.3235
16	43	0.990238	0.139386	2.07213	18.9948
16	44	0.992246	0.124287	2.06037	18.706
16	45	0.993713	0.111955	2.04996	18.4499
16	46	0.994771	0.102132	2.04077	18.2204
16	47	0.995513	0.0946294	2.03264	18.012
16	48	0.996004	0.0893129	2.02535	17.8197
16	49	0.98425	-0.176782	2.04339	17.6388
16	50	0	0	2.122e-314	18
17	0	0.998525	0.0542946	2.00295	16
17	1	0.997832	-0.065806	2.01793	15.8913
17	2	0.997624	-0.0688868	2.026	16.024
17	3	0.997095	-0.0761659	2.0354	16.1636
17	4	0.996291	-0.0860534	2.04633	16.3186
17	5	0.995145	-0.098418	2.05907	16.4947
17	6	0.993541	-0.113474	2.07393	16.6974
17	7	0.991306	-0.131578	2.09123	16.9327
17	8	0.988195	-0.153202	2.1113	17.2079
17	9	0.98386	-0.17894	2.13446	17.5313
17	10	0.977806	-0.209512	2.16094	17.9133
17	11	0.969338	-0.245733	2.19067	18.366
17	12	0.957509	-0.288403	2.22288	18.9043
17	13	0.941121	-0.338069	2.25542	19.5454
17	14	0.918814	-0.39469	2.2843	20.3079
17	15	0.889134	-0.457648	2.3068	21.2095
17	16	0.850129	-0.526575	2.33236	22.2652
17	17	0.723805	-0.690005	2.86017	23.4934
17	18	0.611715	-0.791078	2.62019	25.4669
17	19	0	-1	0.838063	27.5397
17	20	-0.707107	-0.707107	101.289	28.3777
17	21	-nan	-nan	0	100
17	22	-nan	-nan	0	100
17	23	-nan	-nan	0	100
17	24	-nan	-nan	0	100
17	25	-nan	-nan	0	100
17	26	-nan	-nan	0	100
17	27	-nan	-nan	0	100
17	28	-nan	-nan	0	100
17	29	0	1	12.9803	100
17	30	-0.211807	0.977311	61.2834	87.0197
17	31	-0.999733	0.0230948	66.8183	27.1268
17	32	0.625359	0.780338	1.83155	25.5836
17	33	0.85356	0.520995	2.37917	24.1544
17	34	0.853136	0.521688	2.27843	22.9148
17	35	0.898441	0.439094	2.302	21.7262
17	36	0.930165	0.367142	2.30431	20.7154
17	37	0.950699	0.310115	2.28015	19.8694
17	38	0.964365	0.264577	2.24646	19.1623
17	39	0.973753	0.227606	2.21219	18.5679
17	40	0.980365	0.197189	2.18071	18.0644
17	41	0.985105	0.171955	2.15285	17.6344
17	42	0.988542	0.150949	2.12854	17.2642
17	43	0.99105	0.133488	2.10742	16.9429
17	44	0.992885	0.119076	2.08904	16.6616
17	45	0.994221	0.107349	2.07299	16.4129
17	46	0.995183	0.0980365	2.05886	16.1903
17	47	0.995856	0.09094	2.04629	15.9885
17	48	0.996302	0.0859195	2.03493	15.8024
17	49	0.983383	-0.181541	2.05157	15.6276
17	50	0	0	2.122e-314	16
18	0	0.998135	0.0610388	2.00374	14
18	1	0.998087	-0.0618278	2.02437	13.8777
18	2	0.99792	-0.0644664	2.03621	14.0029
18	3	0.997467	-0.0711289	2.04943	14.1341
18	4	0.996772	-0.0802884	2.06451	14.2799
18	5	0.995774	-0.0918348	2.0819	14.4457
18	6	0.994366	-0.106001	2.10211	14.6368
18	7	0.992385	-0.123172	2.12573	14.8597
18	8	0.989597	-0.143869	2.15347	15.1215
18	9	0.985654	-0.168777	2.18616	15.4313
18	10	0.980045	-0.198775	2.22476	15.8003
18	11	0.972008	-0.234947	2.27024	16.2425
18	12	0.960442	-0.278479	2.32295	16.7759
18	13	0.9439	-0.330232	2.38094	17.4228
18	14	0.920938	-0.389708	2.43614	18.2091
18	15	0.890949	-0.454104	2.47509	19.1584
18	16	0.885705	-0.464249	2.45722	20.2824
18	17	0.593912	-0.80453	3.03397	21.4232
18	18	0.706738	-0.707476	5.19535	23.8641
18	19	-0.707107	-0.707107	102.474	27.5397
18	20	-nan	-nan	0	100
18	21	-nan	-nan	0	100
18	22	-nan	-nan	0	100
18	23	-nan	-nan	0	100
18	24	-nan	-nan	0	100
18	25	-nan	-nan	0	100
18	26	-nan	-nan	0	100
18	27	-nan	-nan	0	100
18	28	-nan	-nan	0	100
18	29	-nan	-nan	0	100
18	30	0	1	6.07277	100
18	31	-0.08706	0.996203	69.7538	93.9272
18	32	-0.999453	0.0330689	69.9937	24.4382
18	33	0.722968	0.690882	1.66827	22.1236
18	34	0.858197	0.513321	2.55792	20.971
18	35	0.903214	0.42919	2.53028	19.658
18	36	0.937411	0.348225	2.49941	18.572
18	37	0.956702	0.29107	2.42476	17.7017
18	38	0.968933	0.247324	2.35355	16.9959
18	39	0.977173	0.212443	2.29363	16.4138
18	40	0.98293	0.18398	2.24427	15.9266
18	41	0.987042	0.16046	2.20345	15.5136
18	42	0.99002	0.140924	2.1693	15.1601
18	43	0.992193	0.124714	2.14039	14.8544
18	44	0.993781	0.111355	2.11564	14.5874
18	45	0.994937	0.100501	2.0942	14.3519
18	46	0.995769	0.091892	2.07541	14.1414
18	47	0.996352	0.0853371	2.05867	13.9507
18	48	0.996738	0.0806997	2.0435	13.775
18	49	0.981932	-0.189234	2.06051	13.6101
18	50	0	0	2.122e-314	14
19	0	0.997461	0.071218	2.00509	12
19	1	0.998431	-0.0559975	2.03013	11.8572
19	2	0.998306	-0.0581767	2.04549	11.9709
19	3	0.997944	-0.0640889	2.06229	12.0899
19	4	0.997382	-0.0723116	2.08125	12.2221
19	5	0.99657	-0.08275	2.10303	12.3726
19	6	0.995416	-0.0956365	2.12834	12.5466
19	7	0.993781	-0.111355	2.15804	12.7501
19	8	0.991456	-0.13044	2.19324	12.9904
19	9	0.98813	-0.15362	2.23538	13.2765
19	10	0.983316	-0.181905	2.28639	13.6199
19	11	0.976237	-0.216706	2.34888	14.0358
19	12	0.965626	-0.259936	2.4259	14.5448
19	13	0.949525	-0.313692	2.51871	15.1754
19	14	0.925841	-0.377913	2.61367	15.9655
19	15	0.898175	-0.439638	2.62206	16.9533
19	16	0.749157	-0.662393	2.2875	18.106
19	17	0.894427	-0.447214	1.27698	19.6212
19	18	-0.707107	-0.707107	112.865	20.1923
19	19	-nan	-nan	0	100
19	20	-nan	-nan	0	100
19	21	-nan	-nan	0	100
19	22	-nan	-nan	0	100
19	23	-nan	-nan	0	100
19	24	-nan	-nan	0	100
19	25	-nan	-nan	0	100
19	26	-nan	-nan	0	100
19	27	-nan	-nan	0	100
19	28	-nan	-nan	0	100
19	29	-nan	-nan	0	100
19	30	-nan	-nan	0	100
19	31	0	1	5.60633	100
19	32	-0.0760802	0.997102	73.6897	94.3937
19	33	-0.999527	0.0307604	69.6242	20.9175
19	34	0.759739	0.650228	2.15804	18.7758
19	35	0.933717	0.358011	3.19421	17.3726
19	36	0.951373	0.308041	2.75012	16.2291
19	37	0.965914	0.258863	2.5745	15.3819
19	38	0.975232	0.221183	2.45464	14.7155
19	39	0.981613	0.190884	2.36772	14.1725
19	40	0.98614	0.165915	2.30137	13.7206
19	41	0.989415	0.145112	2.24872	13.3388
19	42	0.991809	0.127731	2.2057	13.0124
19	43	0.993566	0.113255	2.16978	12.7307
19	44	0.994856	0.101299	2.13928	12.485
19	45	0.995798	0.0915733	2.11299	12.2683
19	46	0.996478	0.0838532	2.08997	12.0748
19	47	0.996956	0.077969	2.06949	11.8995
19	48	0.997273	0.073797	2.0509	11.7382
19	49	0.979877	-0.1996	2.07012	11.5868
19	50	0	0	2.122e-314	12
20	0	0.996418	0.0845661	2.00719	10
20	1	0.998826	-0.0484464	2.03512	9.83026
20	2	0.998742	-0.0501467	2.05366	9.92885
20	3	0.998477	-0.0551746	2.07365	10.0318
20	4	0.998061	-0.0622503	2.09611	10.1463
20	5	0.997456	-0.0712872	2.12185	10.2767
20	6	0.996592	-0.082494	2.15176	10.428
20	7	0.99536	-0.0962178	2.18698	10.6055
20	8	0.993601	-0.112943	2.22896	10.8159
20	9	0.991069	-0.13335	2.27971	11.0677
20	10	0.987369	-0.158438	2.3422	11.3717
20	11	0.98182	-0.189813	2.42112	11.7428
20	12	0.973109	-0.230344	2.52458	12.2023
20	13	0.958352	-0.285588	2.66757	12.7838
20	14	0.930617	-0.365994	2.87578	13.5457
20	15	0.852456	-0.5228	3.43177	14.5982
20	16	0.671139	-0.741332	2.81487	16.3923
20	17	-0.707107	-0.707107	115.288	18.4791
20	18	-nan	-nan	0	100
20	19	-nan	-nan	0	100
20	20	-nan	-nan	0	100
20	21	-nan	-nan	0	100
20	22	-nan	-nan	0	100
20	23	-nan	-nan	0	100
20	24	-nan	-nan	0	100
20	25	-nan	-nan	0	100
20	26	-nan	-nan	0	100
20	27	-nan	-nan	0	100
20	28	-nan	-nan	0	100
20	29	-nan	-nan	0	100
20	30	-nan	-nan	0	100
20	31	-nan	-nan	0	100
20	32	0	1	9.49122	100
20	33	-0.128288	0.991737	73.9838	90.5088
20	34	-0.99931	0.0371486	73.9236	17.1363
20	35	0.974278	0.225351	3.45003	14.3901
20	36	0.970068	0.242834	2.95473	13.6127
20	37	0.97694	0.213513	2.68621	12.8952
20	38	0.982355	0.187027	2.53043	12.3216
20	39	0.986494	0.163799	2.42526	11.8484
20	40	0.989623	0.143689	2.34723	11.4511
20	41	0.991974	0.126439	2.28593	11.1138
20	42	0.993734	0.111773	2.23605	10.8248
20	43	0.995045	0.0994292	2.19448	10.5749
20	44	0.996016	0.0891714	2.15921	10.3567
20	45	0.996731	0.0807941	2.12881	10.1641
20	46	0.997249	0.0741252	2.10219	9.99215
20	47	0.997615	0.0690265	2.07849	9.83632
20	48	0.99786	0.0653927	2.05697	9.69285
20	49	0.977204	-0.212305	2.08032	9.55834
20	50	0	0	2.122e-314	10
21	0	0.994915	0.10072	2.01022	8
21	1	0.999225	-0.0393515	2.03926	7.79753
21	2	0.999177	-0.0405559	2.06052	7.87778
21	3	0.999006	-0.0445747	2.08325	7.96135
21	4	0.998734	-0.0503067	2.10868	8.05421
21	5	0.998336	-0.0576671	2.13778	8.16029
21	6	0.997765	-0.0668188	2.17159	8.28357
21	7	0.996951	-0.078032	2.21144	8.42867
21	8	0.995789	-0.0916724	2.25903	8.60123
21	9	0.994126	-0.108229	2.31673	8.80832
21	10	0.991724	-0.12839	2.38811	9.05906
21	11	0.988185	-0.153268	2.47912	9.36567
21	12	0.982706	-0.185173	2.60158	9.74564
21	13	0.973069	-0.230513	2.78528	10.2274
21	14	0.965481	-0.260474	3.08412	10.8694
21	15	0.801101	-0.598529	4.72892	11.6728
21	16	0.068663	-0.99764	85.6991	14.5032
21	17	-nan	-nan	0	100
21	18	-nan	-nan	0	100
21	19	-nan	-nan	0	100
21	20	-nan	-nan	0	100
21	21	-nan	-nan	0	100
21	22	-nan	-nan	0	100
21	23	-nan	-nan	0	100
21	24	-nan	-nan	0	100
21	25	-nan	-nan	0	100
21	26	-nan	-nan	0	100
21	27	-nan	-nan	0	100
21	28	-nan	-nan	0	100
21	29	-nan	-nan	0	100
21	30	-nan	-nan	0	100
21	31	-nan	-nan	0	100
21	32	-nan	-nan	0	100
21	33	0	1	8.99116	100
21	34	-0.0491803	0.99879	80.0769	91.0088
21	35	0.995528	0.0944647	2.99024	11.0289
21	36	0.986006	0.166711	2.85217	10.7464
21	37	0.98683	0.161759	2.68952	10.2709
21	38	0.988924	0.148425	2.56011	9.83584
21	39	0.991085	0.133227	2.45908	9.45586
21	40	0.992949	0.118544	2.37875	9.12824
21	41	0.994446	0.105248	2.31343	8.84625
21	42	0.995609	0.0936114	2.2593	8.60277
21	43	0.996495	0.0836571	2.21373	8.39127
21	44	0.99716	0.0753062	2.17486	8.20607
21	45	0.997655	0.068445	2.14125	8.04229
21	46	0.998016	0.0629571	2.11178	7.89574
21	47	0.998273	0.0587383	2.0855	7.76279
21	48	0.998447	0.0557035	2.06161	7.64029
21	49	0.973906	-0.22695	2.091	7.52545
21	50	0	0	2.122e-314	8
22	0	0.992868	0.119219	2.01437	6
22	1	0.999581	-0.0289353	2.04249	5.75985
22	2	0.999561	-0.029633	2.06594	5.81895
22	3	0.999471	-0.0325363	2.09082	5.88017
22	4	0.999324	-0.0367561	2.1186	5.9482
22	5	0.999109	-0.0422065	2.15032	6.02607
22	6	0.998799	-0.0489893	2.18716	6.11683
22	7	0.998359	-0.0572713	2.23052	6.22397
22	8	0.997736	-0.0672512	2.28221	6.35172
22	9	0.996865	-0.0791223	2.34464	6.5052
22	10	0.995668	-0.0929808	2.42119	6.69071
22	11	0.99409	-0.108556	2.51681	6.91584
22	12	0.992244	-0.124305	2.63917	7.18905
22	13	0.991006	-0.13382	2.79963	7.51711
22	14	0.999997	0.00245805	2.98938	7.89176
22	15	0.974971	-0.222331	3.3031	7.88441
22	16	0.0359409	-0.999354	91.4403	8.61879
22	17	-nan	-nan	0	100
22	18	-nan	-nan	0	100
22	19	-nan	-nan	0	100
22	20	-nan	-nan	0	100
22	21	-nan	-nan	0	100
22	22	-nan	-nan	0	100
22	23	-nan	-nan	0	100
22	24	-nan	-nan	0	100
22	25	-nan	-nan	0	100
22	26	-nan	-nan	0	100
22	27	-nan	-nan	0	100
22	28	-nan	-nan	0	100
22	29	-nan	-nan	0	100
22	30	-nan	-nan	0	100
22	31	-nan	-nan	0	100
22	32	-nan	-nan	0	100
22	33	0	1	5.05295	100
22	34	0.00183935	0.999998	86.8952	94.9471
22	35	0.999141	0.0414492	2.84344	8.05199
22	36	0.993446	0.114299	2.77635	7.93413
22	37	0.993117	0.117126	2.66985	7.6168
22	38	0.993799	0.111188	2.56675	7.30409
22	39	0.994788	0.101965	2.47571	7.01869
22	40	0.995759	0.0919995	2.39776	6.76626
22	41	0.996594	0.0824677	2.33155	6.54567
22	42	0.997267	0.073877	2.2753	6.35339
22	43	0.997793	0.0664061	2.22727	6.1853
22	44	0.998194	0.0600772	2.18596	6.03739
22	45	0.998495	0.0548427	2.15008	5.90606
22	46	0.998717	0.05063	2.11854	5.78815
22	47	0.998878	0.0473635	2.09038	5.68089
22	48	0.998988	0.0449759	2.06476	5.58188
22	49	0.970004	-0.24309	2.10204	5.48901
22	50	0	0	2.122e-314	6
23	0	0.99022	0.139517	2.01975	4
23	1	0.999848	-0.0174627	2.04477	3.71821
23	2	0.999844	-0.0176515	2.06978	3.75392
23	3	0.999813	-0.0193583	2.09619	3.79045
23	4	0.999759	-0.0219374	2.12559	3.83103
23	5	0.99968	-0.0253032	2.15912	3.87766
23	6	0.999565	-0.0294929	2.19798	3.93229
23	7	0.999402	-0.0345693	2.24362	3.99712
23	8	0.999177	-0.0405732	2.29782	4.07468
23	9	0.998874	-0.0474457	2.36281	4.16791
23	10	0.998495	-0.0548426	2.44133	4.28001
23	11	0.998096	-0.0616765	2.53657	4.4139
23	12	0.997886	-0.0649879	2.65149	4.57035
23	13	0.998355	-0.0573275	2.78612	4.74266
23	14	0.996705	0.0811172	2.939	4.90238
23	15	0.976358	-0.21616	3.092	4.66398
23	16	0.0321406	-0.999483	94.7166	5.33235
23	17	-nan	-nan	0	100
23	18	-nan	-nan	0	100
23	19	-nan	-nan	0	100
23	20	-nan	-nan	0	100
23	21	-nan	-nan	0	100
23	22	-nan	-nan	0	100
23	23	-nan	-nan	0	100
23	24	-nan	-nan	0	100
23	25	-nan	-nan	0	100
23	26	-nan	-nan	0	100
23	27	-nan	-nan	0	100
23	28	-nan	-nan	0	100
23	29	-nan	-nan	0	100
23	30	-nan	-nan	0	100
23	31	-nan	-nan	0	100
23	32	-nan	-nan	0	100
23	33	0	1	5.21278	100
23	34	0.00174096	0.999998	89.5764	94.7872
23	35	0.999921	0.0125767	2.784	5.21099
23	36	0.99703	0.0770111	2.73527	5.17597
23	37	0.996801	0.0799215	2.65356	4.96533
23	38	0.997038	0.0769152	2.56603	4.75325
23	39	0.997449	0.0713806	2.48265	4.55588
23	40	0.997882	0.0650534	2.40752	4.37867
23	41	0.998268	0.0588259	2.34161	4.22205
23	42	0.998588	0.0531247	2.2845	4.08431
23	43	0.998841	0.0481228	2.23516	3.96294
23	44	0.999038	0.0438615	2.19244	3.85538
23	45	0.999187	0.0403184	2.1552	3.75922
23	46	0.999299	0.0374445	2.1224	3.67232
23	47	0.999381	0.0351834	2.09308	3.59285
23	48	0.999439	0.0334806	2.06639	3.51921
23	49	0.965543	-0.260244	2.11331	3.45002
23	50	0	0	2.122e-314	4
24	0	0.986955	0.160998	2.02644	2
24	1	0.999986	-0.00523443	2.04608	1.67375
24	2	0.999988	-0.0049217	2.07197	1.68446
24	3	0.999986	-0.00538104	2.09921	1.69466
24	4	0.999981	-0.00623692	2.12947	1.70595
24	5	0.999973	-0.00741	2.16392	1.71923
24	6	0.999961	-0.00887985	2.20378	1.73527
24	7	0.999944	-0.0106245	2.25047	1.75484
24	8	0.999921	-0.0125828	2.3057	1.77875
24	9	0.999894	-0.0145905	2.37149	1.80776
24	10	0.999868	-0.0162459	2.45005	1.84236
24	11	0.999862	-0.0166332	2.54338	1.88216
24	12	0.999904	-0.0138235	2.65191	1.92447
24	13	0.999991	-0.0043094	2.77132	1.96113
24	14	0.993603	0.11293	2.90438	1.97307
24	15	0.976989	-0.213292	3.01474	1.64508
24	16	0.0302063	-0.999544	97.7565	2.2881
24	17	-nan	-nan	0	100
24	18	-nan	-nan	0	100
24	19	-nan	-nan	0	100
24	20	-nan	-nan	0	100
24	21	-nan	-nan	0	100
24	22	-nan	-nan	0	100
24	23	-nan	-nan	0	100
24	24	-nan	-nan	0	100
24	25	-nan	-nan	0	100
24	26	-nan	-nan	0	100
24	27	-nan	-nan	0	100
24	28	-nan	-nan	0	100
24	29	-nan	-nan	0	100
24	30	-nan	-nan	0	100
24	31	-nan	-nan	0	100
24	32	-nan	-nan	0	100
24	33	0	1	5.36873	100
24	34	0.00167355	0.999999	92.2042	94.6313
24	35	0.999969	-0.00781083	2.76779	2.4272
24	36	0.998883	0.047246	2.72117	2.44882
24	37	0.998877	0.047386	2.64703	2.32026
24	38	0.99899	0.0449365	2.56489	2.19482
24	39	0.999135	0.0415837	2.48445	2.07957
24	40	0.999275	0.0380666	2.41052	1.97625
24	41	0.999396	0.0347412	2.34483	1.88449
24	42	0.999495	0.0317661	2.28744	1.80303
24	43	0.999574	0.0291926	2.23761	1.73037
24	44	0.999635	0.0270156	2.19436	1.66505
24	45	0.999682	0.0252027	2.1566	1.60577
24	46	0.999719	0.0237108	2.12331	1.55141
24	47	0.999747	0.0224935	2.09357	1.50107
24	48	0.999769	0.0215053	2.0665	1.45398
24	49	0.960604	-0.277919	2.12459	1.40954
24	50	0	0	2.122e-314	2
25	0	0.983112	0.183007	2.03436	0
25	1	0.999972	0.00742141	2.04639	-0.372301
25	2	0.999966	0.00821927	2.07246	-0.387488
25	3	0.999959	0.00902668	2.0998	-0.404522
25	4	0.999951	0.00992918	2.13013	-0.423476
25	5	0.99994	0.0109926	2.1646	-0.444626
25	6	0.999925	0.0122854	2.20442	-0.468421
25	7	0.999904	0.0138911	2.25097	-0.495503
25	8	0.999873	0.0159186	2.30592	-0.526772
25	9	0.999829	0.0185103	2.37116	-0.563479
25	10	0.999761	0.0218448	2.44879	-0.60737
25	11	0.999659	0.0261057	2.54062	-0.660863
25	12	0.999509	0.0313482	2.64699	-0.727188
25	13	0.999311	0.0371071	2.7639	-0.810166
25	14	0.991034	0.133613	2.90062	-0.912726
25	15	0.97747	-0.211073	3.01091	-1.30029
25	16	0.029169	-0.999574	100.708	-0.664767
25	17	-nan	-nan	0	100
25	18	-nan	-nan	0	100
25	19	-nan	-nan	0	100
25	20	-nan	-nan	0	100
25	21	-nan	-nan	0	100
25	22	-nan	-nan	0	100
25	23	-nan	-nan	0	100
25	24	-nan	-nan	0	100
25	25	-nan	-nan	0	100
25	26	-nan	-nan	0	100
25	27	-nan	-nan	0	100
25	28	-nan	-nan	0	100
25	29	-nan	-nan	0	100
25	30	-nan	-nan	0	100
25	31	-nan	-nan	0	100
25	32	-nan	-nan	0	100
25	33	0	1	5.52304	100
25	34	0.00163049	0.999999	94.8176	94.477
25	35	0.999673	-0.0255583	2.78543	-0.340501
25	36	0.999801	0.0199569	2.73044	-0.26931
25	37	0.999864	0.0164745	2.65106	-0.323801
25	38	0.999906	0.013745	2.56521	-0.367476
25	39	0.999928	0.011998	2.48268	-0.402735
25	40	0.99994	0.0109649	2.40777	-0.432522
25	41	0.999946	0.0103881	2.34176	-0.458923
25	42	0.999949	0.0100868	2.28439	-0.483249
25	43	0.999951	0.00994171	2.23476	-0.506291
25	44	0.999951	0.00987238	2.19176	-0.528509
25	45	0.999952	0.00982115	2.15429	-0.550146
25	46	0.999953	0.00974274	2.12131	-0.571304
25	47	0.999954	0.00959775	2.09187	-0.591971
25	48	0.999956	0.00934837	2.06512	-0.612049
25	49	0.955303	-0.295628	2.13564	-0.631354
25	50	0	0	2.122e-314	0
26	0	0.978788	0.204877	2.04334	-2
26	1	0.999797	0.0201603	2.04571	-2.41863
26	2	0.999771	0.0214188	2.07123	-2.45988
26	3	0.999724	0.023481	2.09796	-2.50424
26	4	0.999659	0.0261313	2.12756	-2.5535
26	5	0.999567	0.0294171	2.16116	-2.6091
26	6	0.99944	0.0334493	2.19992	-2.67267
26	7	0.999264	0.0383647	2.24519	-2.74626
26	8	0.999018	0.0443053	2.29859	-2.83239
26	9	0.99868	0.0513708	2.36208	-2.93423
26	10	0.998229	0.0594913	2.43798	-3.05558
26	11	0.997677	0.0681189	2.52889	-3.20061
26	12	0.997141	0.0755645	2.63723	-3.37288
26	13	0.996964	0.077864	2.76357	-3.57216
26	14	0.987816	0.155626	2.93024	-3.78734
26	15	0.978037	-0.20843	3.07566	-4.24337
26	16	0.0288234	-0.999585	103.645	-3.60231
26	17	-nan	-nan	0	100
26	18	-nan	-nan	0	100
26	19	-nan	-nan	0	100
26	20	-nan	-nan	0	100
26	21	-nan	-nan	0	100
26	22	-nan	-nan	0	100
26	23	-nan	-nan	0	100
26	24	-nan	-nan	0	100
26	25	-nan	-nan	0	100
26	26	-nan	-nan	0	100
26	27	-nan	-nan	0	100
26	28	-nan	-nan	0	100
26	29	-nan	-nan	0	100
26	30	-nan	-nan	0	100
26	31	-nan	-nan	0	100
26	32	-nan	-nan	0	100
26	33	0	1	5.67764	100
26	34	0.00160949	0.999999	97.4475	94.3224
26	35	0.999018	-0.0443117	2.83936	-3.12502
26	36	0.99996	-0.00894164	2.76261	-2.99921
26	37	0.999875	-0.0157881	2.66385	-2.9745
26	38	0.999831	-0.018405	2.56536	-2.93245
26	39	0.999834	-0.0182053	2.47628	-2.88523
26	40	0.999864	-0.0165056	2.39871	-2.84015
26	41	0.9999	-0.0141661	2.33216	-2.80056
26	42	0.999932	-0.0116841	2.27528	-2.76752
26	43	0.999956	-0.0093298	2.22659	-2.74094
26	44	0.999974	-0.00724466	2.18469	-2.72016
26	45	0.999985	-0.00550211	2.14834	-2.70434
26	46	0.999991	-0.00414299	2.11644	-2.69251
26	47	0.999995	-0.00319547	2.08803	-2.68375
26	48	0.999996	-0.00268655	2.06227	-2.67707
26	49	0.949785	-0.312902	2.14615	-2.67153
26	50	0	0	2.122e-314	-2
27	0	0.974135	0.225967	2.0531	-4
27	1	0.999467	0.0326325	2.04406	-4.46393
27	2	0.999411	0.0343204	2.06832	-4.53064
27	3	0.999293	0.0375951	2.09371	-4.60162
27	4	0.99912	0.0419387	2.12181	-4.68033
27	5	0.998877	0.0473786	2.15367	-4.76932
27	6	0.998537	0.0540695	2.19039	-4.87136
27	7	0.998063	0.0622113	2.23324	-4.98979
27	8	0.997404	0.072014	2.28382	-5.12872
27	9	0.996497	0.0836296	2.34416	-5.29319
27	10	0.995287	0.0969777	2.41698	-5.48923
27	11	0.993787	0.111303	2.50612	-5.72363
27	12	0.992272	0.12408	2.61745	-6.00257
27	13	0.991718	0.128435	2.76049	-6.32734
27	14	0.981657	0.190653	2.98756	-6.68188
27	15	0.978931	-0.204191	3.24086	-7.25147
27	16	0.0293218	-0.99957	106.636	-6.58971
27	17	-nan	-nan	0	100
27	18	-nan	-nan	0	100
27	19	-nan	-nan	0	100
27	20	-nan	-nan	0	100
27	21	-nan	-nan	0	100
27	22	-nan	-nan	0	100
27	23	-nan	-nan	0	100
27	24	-nan	-nan	0	100
27	25	-nan	-nan	0	100
27	26	-nan	-nan	0	100
27	27	-nan	-nan	0	100
27	28	-nan	-nan	0	100
27	29	-nan	-nan	0	100
27	30	-nan	-nan	0	100
27	31	-nan	-nan	0	100
27	32	-nan	-nan	0	100
27	33	0	1	5.83448	100
27	34	0.0016133	0.999999	100.127	94.1655
27	35	0.99769	-0.0679316	2.9426	-5.9616
27	36	0.999037	-0.0438815	2.81851	-5.7617
27	37	0.998622	-0.0524868	2.67963	-5.63802
27	38	0.998582	-0.0532329	2.55996	-5.49738
27	39	0.99876	-0.0497866	2.46181	-5.3611
27	40	0.999008	-0.0445342	2.38146	-5.23854
27	41	0.999247	-0.0388053	2.31512	-5.13248
27	42	0.999446	-0.0332845	2.25974	-5.04264
27	43	0.999599	-0.028301	2.21302	-4.96743
27	44	0.999712	-0.0239995	2.17318	-4.9048
27	45	0.999791	-0.0204356	2.13881	-4.85264
27	46	0.999845	-0.017626	2.10877	-4.80893
27	47	0.999879	-0.0155764	2.08211	-4.77177
27	48	0.999898	-0.0142963	2.05801	-4.73933
27	49	0.944223	-0.329307	2.15577	-4.70991
27	50	0	0	2.122e-314	-4
28	0	0.96935	0.245683	2.06324	-6
28	1	0.99901	0.0444947	2.04144	-6.5069
28	2	0.998915	0.0465748	2.06376	-6.59774
28	3	0.998699	0.0509905	2.08716	-6.69386
28	4	0.998378	0.0569298	2.11303	-6.80028
28	5	0.997924	0.0644002	2.14233	-6.92057
28	6	0.997288	0.0736035	2.17606	-7.05854
28	7	0.996396	0.0848207	2.21539	-7.21871
28	8	0.995148	0.0983843	2.26181	-7.40662
28	9	0.993406	0.114649	2.31731	-7.62914
28	10	0.990993	0.133914	2.38476	-7.89482
28	11	0.987726	0.156195	2.46877	-8.21418
28	12	0.983585	0.180447	2.57791	-8.59978
28	13	0.979539	0.201256	2.73127	-9.06496
28	14	0.96383	0.266516	3.03698	-9.61465
28	15	0.980593	-0.196053	3.60917	-10.4241
28	16	0.0527871	-0.998606	109.87	-9.71646
28	17	-nan	-nan	0	100
28	18	-nan	-nan	0	100
28	19	-nan	-nan	0	100
28	20	-nan	-nan	0	100
28	21	-nan	-nan	0	100
28	22	-nan	-nan	0	100
28	23	-nan	-nan	0	100
28	24	-nan	-nan	0	100
28	25	-nan	-nan	0	100
28	26	-nan	-nan	0	100
28	27	-nan	-nan	0	100
28	28	-nan	-nan	0	100
28	29	-nan	-nan	0	100
28	30	-nan	-nan	0	100
28	31	-nan	-nan	0	100
28	32	-nan	-nan	0	100
28	33	0	1	5.99601	100
28	34	0.0582772	0.9983	103.077	94.004
28	35	0.994754	-0.102291	3.1274	-8.8974
28	36	0.99585	-0.0910088	2.89574	-8.5775
28	37	0.995283	-0.0970101	2.68271	-8.31396
28	38	0.995748	-0.0921229	2.53851	-8.05371
28	39	0.996542	-0.0830911	2.43367	-7.81986
28	40	0.997332	-0.0729936	2.35336	-7.61764
28	41	0.998	-0.0632115	2.28952	-7.44586
28	42	0.998523	-0.054335	2.23741	-7.30114
28	43	0.998914	-0.046587	2.19402	-7.17957
28	44	0.999199	-0.0400242	2.15733	-7.07735
28	45	0.9994	-0.0346338	2.12585	-6.99101
28	46	0.999538	-0.0303821	2.09845	-6.91738
28	47	0.999629	-0.0272377	2.07423	-6.85363
28	48	0.999683	-0.0251839	2.0524	-6.79713
28	49	0.938805	-0.34445	2.16415	-6.74544
28	50	0	0	2.122e-314	-6
29	0	0.964658	0.263505	2.07327	-8
29	1	0.998463	0.0554213	2.03788	-8.54632
29	2	0.998325	0.0578509	2.05765	-8.65926
29	3	0.997994	0.0633085	2.07843	-8.7783
29	4	0.997497	0.0707034	2.10141	-8.90988
29	5	0.996793	0.0800219	2.12742	-9.05846
29	6	0.995804	0.0915106	2.1573	-9.2287
29	7	0.994416	0.105536	2.19208	-9.42611
29	8	0.992459	0.122578	2.23303	-9.65746
29	9	0.989683	0.143272	2.28187	-9.93118
29	10	0.985696	0.16853	2.34108	-10.2581
29	11	0.979813	0.199917	2.41464	-10.6526
29	12	0.970513	0.241048	2.50976	-11.1354
29	13	0.952902	0.303277	2.64258	-11.7403
29	14	0.876954	0.480574	2.9577	-12.5418
29	15	0.856099	0.516812	3.00493	-13.9632
29	16	0.0244231	-0.999702	115.551	-15.5162
29	17	1	0	119.466	100
29	18	-nan	-nan	0	100
29	19	-nan	-nan	0	100
29	20	-nan	-nan	0	100
29	21	-nan	-nan	0	100
29	22	-nan	-nan	0	100
29	23	-nan	-nan	0	100
29	24	-nan	-nan	0	100
29	25	-nan	-nan	0	100
29	26	-nan	-nan	0	100
29	27	-nan	-nan	0	100
29	28	-nan	-nan	0	100
29	29	-nan	-nan	0	100
29	30	-nan	-nan	0	100
29	31	-nan	-nan	0	100
29	32	-nan	-nan	0	100
29	33	0.759086	0.65099	18.4381	100
29	34	0.724336	0.689447	145.052	87.997
29	35	0.986692	-0.162601	3.36516	-12.0084
29	36	0.986145	-0.165887	2.87667	-11.4612
29	37	0.988229	-0.152983	2.63164	-10.984
29	38	0.990802	-0.135321	2.48535	-10.5814
29	39	0.993071	-0.117518	2.38587	-10.2451
29	40	0.994869	-0.101167	2.31223	-9.96472
29	41	0.996231	-0.0867361	2.25472	-9.7308
29	42	0.997237	-0.074282	2.20824	-9.53524
29	43	0.997968	-0.0637173	2.16979	-9.3712
29	44	0.998491	-0.0549124	2.13739	-9.23295
29	45	0.99886	-0.0477389	2.1097	-9.11558
29	46	0.999114	-0.0420882	2.08568	-9.01487
29	47	0.999282	-0.0378801	2.06453	-8.92708
29	48	0.999385	-0.0350652	2.04555	-8.84888
29	49	0.933727	-0.357986	2.1709	-8.77715
29	50	0	0	2.122e-314	-8
30	0	0.960293	0.278995	2.0827	-10
30	1	0.997878	0.065114	2.03341	-10.5811
30	2	0.997696	0.0678467	2.05009	-10.7135
30	3	0.997242	0.0742227	2.06772	-10.8526
30	4	0.996558	0.0828942	2.08724	-11.006
30	5	0.995589	0.0938206	2.10933	-11.1791
30	6	0.994229	0.10728	2.13465	-11.3769
30	7	0.992319	0.123702	2.16401	-11.606
30	8	0.989625	0.143675	2.19838	-11.8736
30	9	0.985784	0.168019	2.23902	-12.1895
30	10	0.980211	0.197955	2.28764	-12.5657
30	11	0.971881	0.235474	2.34669	-13.0185
30	12	0.958807	0.284059	2.41968	-13.5711
30	13	0.937001	0.349327	2.51079	-14.2585
30	14	0.859652	0.51088	2.74065	-15.1355
30	15	0.74643	0.665464	2.70875	-16.5357
30	16	0.829066	0.55915	2.01739	-18.3383
30	17	0.0153856	-0.999882	119.48	-19.4663
30	18	1	0	121.056	100
30	19	-nan	-nan	0	100
30	20	-nan	-nan	0	100
30	21	-nan	-nan	0	100
30	22	-nan	-nan	0	100
30	23	-nan	-nan	0	100
30	24	-nan	-nan	0	100
30	25	-nan	-nan	0	100
30	26	-nan	-nan	0	100
30	27	-nan	-nan	0	100
30	28	-nan	-nan	0	100
30	29	-nan	-nan	0	100
30	30	-nan	-nan	0	100
30	31	-nan	-nan	0	100
30	32	0.524989	0.851109	16.4446	100
30	33	0.719774	0.694208	148.476	86.0039
30	34	0.777886	-0.628405	2.76935	-17.0691
30	35	0.925372	-0.37906	2.71922	-15.3288
30	36	0.961736	-0.273976	2.6037	-14.298
30	37	0.976063	-0.217488	2.4864	-13.5847
30	38	0.983738	-0.17961	2.39112	-13.0439
30	39	0.988566	-0.150791	2.31683	-12.6144
30	40	0.991832	-0.127553	2.25837	-12.2651
30	41	0.994111	-0.108367	2.21142	-11.977
30	42	0.995721	-0.092408	2.17297	-11.7374
30	43	0.996863	-0.0791525	2.14093	-11.5366
30	44	0.997669	-0.0682355	2.11388	-11.3671
30	45	0.998235	-0.0593925	2.09076	-11.2229
30	46	0.998624	-0.0524322	2.07076	-11.0987
30	47	0.998884	-0.0472213	2.05321	-10.9901
30	48	0.999046	-0.0436767	2.03758	-10.8932
30	49	0.929182	-0.369622	2.17568	-10.8042
30	50	0	0	2.122e-314	-10
31	0	0.956479	0.291801	2.091	-12
31	1	0.997309	0.0733105	2.02808	-12.6102
31	2	0.997085	0.0762978	2.04123	-12.7588
31	3	0.996512	0.0834504	2.05526	-12.9146
31	4	0.995648	0.0931888	2.07087	-13.0861
31	5	0.994426	0.105437	2.08854	-13.2791
31	6	0.992716	0.12048	2.10876	-13.4993
31	7	0.990324	0.138772	2.13209	-13.7533
31	8	0.986966	0.160928	2.15913	-14.0492
31	9	0.982209	0.187789	2.19064	-14.3967
31	10	0.975384	0.220512	2.22747	-14.8081
31	11	0.965425	0.260681	2.27056	-15.2992
31	12	0.950654	0.310254	2.32048	-15.8911
31	13	0.928783	0.370625	2.37565	-16.6111
31	14	0.898327	0.439327	2.42651	-17.4915
31	15	0.823651	0.567098	2.56259	-18.5576
31	16	0.81461	0.580008	2.23057	-20.0108
31	17	0.992662	-0.120923	2.05723	-21.3046
31	18	0.029991	-0.99955	121.11	-21.0558
31	19	1	0	128.203	100
31	20	-nan	-nan	0	100
31	21	-nan	-nan	0	100
31	22	-nan	-nan	0	100
31	23	-nan	-nan	0	100
31	24	-nan	-nan	0	100
31	25	-nan	-nan	0	100
31	26	-nan	-nan	0	100
31	27	-nan	-nan	0	100
31	28	-nan	-nan	0	100
31	29	-nan	-nan	0	100
31	30	-nan	-nan	0	100
31	31	0.774695	0.632335	13.6529	100
31	32	0.716359	0.697732	160.852	91.3668
31	33	0.667825	-0.744318	2.20564	-20.865
31	34	0.817853	-0.575427	2.39513	-19.2233
31	35	0.902387	-0.430926	2.4203	-17.8451
31	36	0.943652	-0.330938	2.38877	-16.8021
31	37	0.96472	-0.26328	2.33748	-16.0116
31	38	0.976599	-0.21507	2.2847	-15.3962
31	39	0.983906	-0.178688	2.23725	-14.9048
31	40	0.988679	-0.150046	2.19657	-14.505
31	41	0.991916	-0.126899	2.16218	-14.1754
31	42	0.994157	-0.107941	2.13313	-13.901
31	43	0.995727	-0.0923494	2.10851	-13.6708
31	44	0.996828	-0.0795811	2.08753	-13.4761
31	45	0.997599	-0.0692609	2.06955	-13.31
31	46	0.99813	-0.0611287	2.05404	-13.1666
31	47	0.998486	-0.0550071	2.04053	-13.0411
31	48	0.99871	-0.0507835	2.02863	-12.9288
31	49	0.92535	-0.379114	2.1782	-12.8258
31	50	0	0	2.122e-314	-12
32	0	0.953418	0.301653	2.09772	-14
32	1	0.996812	0.0797901	2.02195	-14.6328
32	2	0.996551	0.0829856	2.0312	-14.7941
32	3	0.995873	0.0907627	2.04131	-14.9627
32	4	0.994852	0.101341	2.05267	-15.1479
32	5	0.993412	0.114599	2.06559	-15.356
32	6	0.991408	0.130803	2.08038	-15.5927
32	7	0.988628	0.150385	2.09734	-15.8648
32	8	0.98476	0.173918	2.11675	-16.1802
32	9	0.979356	0.202141	2.13887	-16.5484
32	10	0.971761	0.235965	2.16387	-16.9807
32	11	0.961038	0.276417	2.19164	-17.4913
32	12	0.945948	0.324319	2.22135	-18.0971
32	13	0.92523	0.379408	2.25039	-18.8175
32	14	0.898658	0.438651	2.27267	-19.6714
32	15	0.862994	0.505213	2.29527	-20.6683
32	16	0.77867	0.627433	2.42071	-21.8279
32	17	0.798233	0.602349	2.22681	-23.3467
32	18	0.544398	0.838827	4.18988	-24.688
32	19	6.77826e-10	-1	128.203	-28.2026
32	20	1	0	128.993	100
32	21	-nan	-nan	0	100
32	22	-nan	-nan	0	100
32	23	-nan	-nan	0	100
32	24	-nan	-nan	0	100
32	25	-nan	-nan	0	100
32	26	-nan	-nan	0	100
32	27	-nan	-nan	0	100
32	28	-nan	-nan	0	100
32	29	-nan	-nan	0	100
32	30	0.910637	0.413208	25.5969	100
32	31	0.716469	0.697619	162.387	89.4232
32	32	0.797613	-0.60317	2.52514	-23.8611
32	33	0.863229	-0.504813	2.28959	-22.338
32	34	0.856475	-0.516189	2.23374	-21.1822
32	35	0.900046	-0.435795	2.23236	-20.0291
32	36	0.934852	-0.355037	2.22425	-19.0563
32	37	0.957093	-0.289781	2.20577	-18.2666
32	38	0.971025	-0.238977	2.18163	-17.6274
32	39	0.979978	-0.199104	2.15622	-17.106
32	40	0.985913	-0.167257	2.13201	-16.6767
32	41	0.989949	-0.141423	2.11006	-16.3201
32	42	0.992743	-0.120259	2.09067	-16.0217
32	43	0.994696	-0.10286	2.07378	-15.7703
32	44	0.996067	-0.0886044	2.0592	-15.557
32	45	0.997026	-0.077063	2.04668	-15.3745
32	46	0.99769	-0.0679366	2.03595	-15.2168
32	47	0.998136	-0.0610217	2.02676	-15.0785
32	48	0.99842	-0.056187	2.01887	-14.9548
32	49	0.922385	-0.386272	2.17821	-14.8414
32	50	0	0	2.122e-314	-14
33	0	0.951274	0.308348	2.10244	-16
33	1	0.996434	0.0843761	2.01508	-16.6483
33	2	0.996143	0.0877399	2.02018	-16.8183
33	3	0.995382	0.0959899	2.02613	-16.9956
33	4	0.99424	0.10718	2.03304	-17.19
33	5	0.992636	0.121134	2.04105	-17.4079
33	6	0.990421	0.138078	2.05029	-17.6552
33	7	0.987377	0.158388	2.06084	-17.9383
33	8	0.983197	0.18255	2.07269	-18.2647
33	9	0.977454	0.211149	2.08573	-18.6431
33	10	0.969563	0.244843	2.09963	-19.0835
33	11	0.958749	0.284255	2.11373	-19.5976
33	12	0.944073	0.329736	2.12677	-20.1984
33	13	0.924582	0.380984	2.13667	-20.8997
33	14	0.899517	0.436885	2.14099	-21.7137
33	15	0.867804	0.496907	2.1407	-22.6491
33	16	0.782581	0.622549	2.26715	-23.7128
33	17	0.627352	0.778736	2.36892	-25.1242
33	18	0.586378	0.810037	1.52292	-26.969
33	19	0.750611	0.660744	1.19657	-28.2026
33	20	0.00943948	-0.999955	128.999	-28.9932
33	21	1	0	130.984	100
33	22	1	0	133.008	100
33	23	1	0	133.54	100
33	24	1	0	133.816	100
33	25	1	0	133.858	100
33	26	1	0	133.666	100
33	27	1	0	133.222	100
33	28	1	0	132.473	100
33	29	0.984434	0.175753	132.626	100
33	30	0.715683	0.698425	148.352	76.6905
33	31	0.780898	-0.624659	1.67581	-26.922
33	32	0.610308	-0.792164	1.97021	-25.8751
33	33	0.794173	-0.607692	2.00613	-24.3144
33	34	0.856305	-0.516471	2.04649	-23.0953
33	35	0.900225	-0.435425	2.07323	-22.0384
33	36	0.93176	-0.363075	2.08749	-21.1356
33	37	0.953247	-0.302192	2.09103	-20.3777
33	38	0.967628	-0.25238	2.08705	-19.7458
33	39	0.977301	-0.211854	2.07871	-19.2191
33	40	0.983896	-0.178744	2.06841	-18.7787
33	41	0.988455	-0.151514	2.05767	-18.409
33	42	0.991643	-0.129011	2.04738	-18.0972
33	43	0.993888	-0.110396	2.03801	-17.8331
33	44	0.995471	-0.0950673	2.02978	-17.6081
33	45	0.996583	-0.0825935	2.02276	-17.4151
33	46	0.997356	-0.0726724	2.01692	-17.2481
33	47	0.997879	-0.0650963	2.0122	-17.1015
33	48	0.998215	-0.0597292	2.00847	-16.9705
33	49	0.920413	-0.390948	2.17555	-16.8505
33	50	0	0	2.122e-314	-16
34	0	0.950168	0.311738	2.10489	-18
34	1	0.996214	0.0869359	2.00754	-18.6562
34	2	0.995902	0.0904405	2.00834	-18.8307
34	3	0.995085	0.0990228	2.01	-19.0123
34	4	0.993864	0.110612	2.01237	-19.2114
34	5	0.99216	0.124972	2.01545	-19.434
34	6	0.989828	0.14227	2.01922	-19.6858
34	7	0.986658	0.162809	2.02356	-19.9731
34	8	0.982367	0.186965	2.02825	-20.3026
34	9	0.976576	0.215172	2.03289	-20.6818
34	10	0.968791	0.247877	2.03687	-21.1192
34	11	0.958389	0.285466	2.03923	-21.6241
34	12	0.944625	0.328151	2.0386	-22.2062
34	13	0.926645	0.375937	2.03323	-22.8752
34	14	0.903307	0.428994	2.02152	-23.6396
34	15	0.872176	0.489192	2.00382	-24.5068
34	16	0.825048	0.565062	1.98798	-25.487
34	17	0.760815	0.648969	1.92863	-26.6104
34	18	0.698826	0.715291	1.73184	-27.862
34	19	0.642211	0.766528	1.44828	-29.1008
34	20	0.742632	0.6697	1.15453	-30.2109
34	21	0.510455	0.859905	2.35394	-30.9841
34	22	1.14089e-07	1	0.531774	-33.0083
34	23	2.31798e-07	1	0.276425	-33.54
34	24	1.59926e-06	1	0.0413278	-33.8165
34	25	3.51174e-07	-1	0.191787	-33.8578
34	26	1.52473e-07	-1	0.443726	-33.666
34	27	8.77998e-08	-1	0.748929	-33.2223
34	28	3.86834e-08	-1	1.91167	-32.4733
34	29	0.707107	-0.707107	1.52654	-30.5617
34	30	0.630542	-0.776155	1.61262	-29.4822
34	31	0.719684	-0.694302	1.66068	-28.2306
34	32	0.749292	-0.66224	1.76667	-27.0776
34	33	0.818133	-0.575028	1.84322	-25.9076
34	34	0.868332	-0.495983	1.90127	-24.8477
34	35	0.905699	-0.423921	1.94393	-23.9047
34	36	0.933103	-0.359608	1.97347	-23.0806
34	37	0.952663	-0.30403	1.99216	-22.371
34	38	0.966407	-0.257016	2.00256	-21.7653
34	39	0.976032	-0.217628	2.00716	-21.2506
34	40	0.982794	-0.184703	2.00808	-20.8138
34	41	0.987573	-0.157162	2.0069	-20.4429
34	42	0.990966	-0.13411	2.00471	-20.1275
34	43	0.993383	-0.114848	2.00227	-19.8586
34	44	0.995102	-0.0988512	2.00006	-19.6287
34	45	0.996318	-0.0857329	1.99836	-19.431
34	46	0.997167	-0.075217	1.99735	-19.2596
34	47	0.997745	-0.0671127	1.9971	-19.1094
34	48	0.99812	-0.0612945	1.9976	-18.9754
34	49	0.919525	-0.393032	2.17015	-18.8529
34	50	0	0	2.122e-314	-18
35	0	0.950177	0.311711	2.10487	-20
35	1	0.996175	0.0873762	1.99941	-20.6561
35	2	0.99585	0.0910125	1.99582	-20.8308
35	3	0.995007	0.0998085	1.99315	-21.0125
35	4	0.993752	0.111612	1.99101	-21.2114
35	5	0.992014	0.126127	1.98928	-21.4336
35	6	0.989657	0.143453	1.98782	-21.6845
35	7	0.986493	0.163806	1.98635	-21.9697
35	8	0.982273	0.187455	1.98449	-22.295
35	9	0.976682	0.214691	1.98168	-22.6671
35	10	0.969321	0.245799	1.97709	-23.0925
35	11	0.959708	0.280998	1.96966	-23.5785
35	12	0.94728	0.320408	1.95793	-24.1319
35	13	0.931373	0.364066	1.94014	-24.7593
35	14	0.911137	0.412103	1.9142	-25.4656
35	15	0.88537	0.464887	1.87733	-26.2545
35	16	0.853262	0.521483	1.82266	-27.1272
35	17	0.818458	0.574567	1.73095	-28.0777
35	18	0.794604	0.607128	1.57894	-29.0722
35	19	0.732616	0.680642	1.5242	-30.0309
35	20	0.625358	0.780338	1.43191	-31.0683
35	21	0.5764	0.817168	1.00663	-32.1857
35	22	0.609753	0.792591	0.670931	-33.0083
35	23	0.763092	0.64629	0.42771	-33.54
35	24	0.990013	0.140977	0.293154	-33.8165
35	25	0.827899	-0.560877	0.341941	-33.8578
35	26	0.563426	-0.826167	0.53709	-33.666
35	27	0.43594	-0.899976	0.832166	-33.2223
35	28	0.529924	-0.848045	0.981367	-32.4733
35	29	0.489304	-0.872113	1.3095	-31.6411
35	30	0.661481	-0.749962	1.43114	-30.4991
35	31	0.746796	-0.665053	1.54037	-29.4258
35	32	0.799061	-0.60125	1.63943	-28.4013
35	33	0.846338	-0.532647	1.72154	-27.4156
35	34	0.884705	-0.46615	1.78765	-26.4986
35	35	0.91474	-0.404044	1.83948	-25.6653
35	36	0.937609	-0.347693	1.87888	-24.9221
35	37	0.954611	-0.297854	1.90781	-24.2688
35	38	0.967052	-0.254578	1.92836	-23.7006
35	39	0.97608	-0.21741	1.94259	-23.2097
35	40	0.982613	-0.185668	1.95229	-22.7873
35	41	0.987337	-0.158639	1.95893	-22.4248
35	42	0.990753	-0.13568	1.96367	-22.1141
35	43	0.993219	-0.116256	1.96737	-21.8477
35	44	0.994992	-0.09995	1.97065	-21.6189
35	45	0.996257	-0.0864447	1.97395	-21.422
35	46	0.997145	-0.0755137	1.97756	-21.2513
35	47	0.997753	-0.0670013	1.98168	-21.102
35	48	0.99815	-0.0608066	1.98641	-20.9692
35	49	0.919778	-0.392438	2.16197	-20.8484
35	50	0	0	2.122e-314	-20
36	0	0.951331	0.30817	2.10232	-22
36	1	0.996326	0.0856373	1.99074	-22.6479
36	2	0.995994	0.0894212	1.98275	-22.8184
36	3	0.995152	0.0983438	1.97578	-22.9957
36	4	0.993907	0.110219	1.96925	-23.19
36	5	0.992196	0.12469	1.96295	-23.407
36	6	0.989897	0.141787	1.95662	-23.6518
36	7	0.986851	0.161636	1.94989	-23.9292
36	8	0.982851	0.1844	1.94226	-24.2444
36	9	0.977648	0.21025	1.93303	-24.6025
36	10	0.970939	0.239327	1.92132	-25.0089
36	11	0.962378	0.271713	1.90599	-25.4688
36	12	0.951582	0.307394	1.8856	-25.9866
36	13	0.938145	0.346241	1.85836	-26.5663
36	14	0.921669	0.387978	1.82197	-27.2097
36	15	0.901926	0.431891	1.77318	-27.9166
36	16	0.879559	0.47579	1.70661	-28.6824
36	17	0.857047	0.515238	1.6157	-29.4944
36	18	0.837394	0.5466	1.50136	-30.3269
36	19	0.810784	0.585346	1.39446	-31.1475
36	20	0.774586	0.632469	1.26826	-31.9638
36	21	0.773927	0.633274	1.02873	-32.7659
36	22	0.822882	0.568212	0.790292	-33.4174
36	23	0.918513	0.39539	0.607676	-33.8664
36	24	0.997757	0.0669369	0.510848	-34.1067
36	25	0.944814	-0.327607	0.525842	-34.1409
36	26	0.804176	-0.594392	0.645301	-33.9686
36	27	0.702701	-0.711485	0.831575	-33.585
36	28	0.704082	-0.710118	1.00201	-32.9934
36	29	0.706053	-0.708159	1.18068	-32.2818
36	30	0.754868	-0.655877	1.32591	-31.4457
36	31	0.801179	-0.598425	1.44507	-30.5761
36	32	0.839918	-0.542714	1.54541	-29.7113
36	33	0.873799	-0.486288	1.62954	-28.8726
36	34	0.902385	-0.430932	1.69914	-28.0802
36	35	0.925678	-0.378313	1.75577	-27.348
36	36	0.944103	-0.329651	1.80102	-26.6838
36	37	0.958331	-0.285661	1.83655	-26.09
36	38	0.969125	-0.24657	1.86407	-25.5654
36	39	0.977218	-0.212239	1.88524	-25.1058
36	40	0.98324	-0.182317	1.90159	-24.7057
36	41	0.987698	-0.156375	1.91445	-24.359
36	42	0.990983	-0.133987	1.92492	-24.0596
36	43	0.993391	-0.11478	1.93387	-23.8017
36	44	0.995142	-0.0984496	1.94201	-23.5797
36	45	0.996401	-0.0847642	1.94986	-23.3885
36	46	0.997291	-0.0735611	1.95781	-23.2233
36	47	0.997903	-0.0647348	1.96613	-23.0792
36	48	0.998304	-0.058222	1.97498	-22.952
36	49	0.921197	-0.389097	2.15105	-22.837
36	50	0	0	2.122e-314	-22
37	0	0.953621	0.301011	2.09727	-24
37	1	0.996658	0.0816832	1.9816	-24.6313
37	2	0.996324	0.0856632	1.96922	-24.7932
37	3	0.995509	0.0946664	1.95803	-24.9619
37	4	0.994311	0.10652	1.94731	-25.1472
37	5	0.992675	0.120812	1.93676	-25.3546
37	6	0.990502	0.137496	1.92604	-25.5886
37	7	0.98766	0.156615	1.91468	-25.8534
37	8	0.983988	0.178236	1.90212	-26.1533
37	9	0.979299	0.202419	1.88759	-26.4923
37	10	0.973382	0.229188	1.87019	-26.8744
37	11	0.966013	0.258495	1.84879	-27.303
37	12	0.956971	0.290183	1.82204	-27.781
37	13	0.946081	0.323931	1.78829	-28.3097
37	14	0.933279	0.359152	1.74552	-28.889
37	15	0.918785	0.394759	1.69118	-29.5159
37	16	0.903396	0.428806	1.6223	-30.1835
37	17	0.888575	0.458731	1.53678	-30.8791
37	18	0.87551	0.4832	1.4363	-31.5841
37	19	0.863711	0.503988	1.32546	-32.2781
37	20	0.856959	0.515385	1.19506	-32.9461
37	21	0.871107	0.491094	1.02959	-33.5621
37	22	0.911131	0.412116	0.866004	-34.0677
37	23	0.965694	0.259684	0.738639	-34.4246
37	24	0.999496	0.0317571	0.671198	-34.6164
37	25	0.975106	-0.221739	0.677179	-34.6377
37	26	0.906237	-0.42277	0.752534	-34.4875
37	27	0.843219	-0.53757	0.875238	-34.1694
37	28	0.817247	-0.576287	1.01239	-33.6989
37	29	0.813144	-0.582062	1.1491	-33.1155
37	30	0.829012	-0.559231	1.27453	-32.4466
37	31	0.852194	-0.523225	1.38469	-31.7339
37	32	0.876379	-0.481622	1.4801	-31.0094
37	33	0.899314	-0.437304	1.56193	-30.2965
37	34	0.919776	-0.392444	1.63134	-29.6135
37	35	0.937227	-0.348721	1.68948	-28.9733
37	36	0.951599	-0.307343	1.73758	-28.3841
37	37	0.963118	-0.269079	1.77695	-27.8501
37	38	0.972162	-0.234308	1.80894	-27.3719
37	39	0.979156	-0.203111	1.83491	-26.9481
37	40	0.984502	-0.175373	1.85612	-26.5754
37	41	0.988552	-0.15088	1.87374	-26.2499
37	42	0.991594	-0.129387	1.88878	-25.9672
37	43	0.993858	-0.11066	1.90209	-25.7228
37	44	0.995524	-0.0945064	1.91441	-25.5123
37	45	0.996732	-0.0807834	1.9263	-25.3314
37	46	0.997589	-0.0694018	1.93823	-25.1758
37	47	0.998179	-0.060318	1.95053	-25.0412
37	48	0.998567	-0.0535202	1.96339	-24.9236
37	49	0.923776	-0.382934	2.13746	-24.8185
37	50	0	0	2.122e-314	-24
38	0	0.956996	0.290103	2.08987	-26
38	1	0.997147	0.0754907	1.97198	-26.6063
38	2	0.996814	0.0797577	1.95523	-26.7551
38	3	0.996045	0.0888463	1.93995	-26.9111
38	4	0.994923	0.100644	1.9253	-27.0834
38	5	0.993402	0.114685	1.91089	-27.2772
38	6	0.991402	0.130851	1.89632	-27.4964
38	7	0.988822	0.149104	1.88104	-27.7445
38	8	0.985543	0.169425	1.86443	-28.025
38	9	0.981437	0.191784	1.84571	-28.3409
38	10	0.97637	0.216106	1.82398	-28.6948
38	11	0.970217	0.242237	1.7982	-29.089
38	12	0.962889	0.269899	1.76716	-29.5246
38	13	0.95437	0.298627	1.72948	-30.0015
38	14	0.944788	0.327682	1.68359	-30.518
38	15	0.934519	0.355913	1.6278	-31.0697
38	16	0.924297	0.381673	1.56054	-31.6491
38	17	0.915191	0.40302	1.4811	-32.2447
38	18	0.908363	0.418183	1.39016	-32.8416
38	19	0.905294	0.424786	1.28846	-33.4229
38	20	0.909356	0.416019	1.17466	-33.9703
38	21	0.925628	0.378435	1.05113	-34.4589
38	22	0.953731	0.30066	0.935111	-34.8567
38	23	0.984292	0.176548	0.846074	-35.1379
38	24	0.999909	0.0134866	0.799109	-35.2872
38	25	0.987077	-0.160248	0.801913	-35.298
38	26	0.951509	-0.30762	0.852039	-35.1695
38	27	0.913584	-0.406649	0.937295	-34.9074
38	28	0.889073	-0.457765	1.04073	-34.5263
38	29	0.879592	-0.475728	1.14903	-34.0498
38	30	0.88266	-0.470013	1.25386	-33.5032
38	31	0.893154	-0.449752	1.35054	-32.9139
38	32	0.906996	-0.421139	1.4373	-32.3065
38	33	0.921696	-0.387913	1.51384	-31.7012
38	34	0.935777	-0.352593	1.58044	-31.1139
38	35	0.948435	-0.316971	1.6377	-30.5567
38	36	0.959322	-0.282315	1.68642	-30.0376
38	37	0.968383	-0.249468	1.72755	-29.5615
38	38	0.975741	-0.218929	1.7621	-29.1305
38	39	0.981603	-0.190936	1.79114	-28.7447
38	40	0.986203	-0.165542	1.81572	-28.4027
38	41	0.989767	-0.142692	1.83683	-28.1022
38	42	0.992496	-0.122279	1.85537	-27.8401
38	43	0.994558	-0.104189	1.87217	-27.6132
38	44	0.996092	-0.0883266	1.88796	-27.4181
38	45	0.997211	-0.0746372	1.90335	-27.2514
38	46	0.998007	-0.0631104	1.91886	-27.1093
38	47	0.998553	-0.0537763	1.93487	-26.9882
38	48	0.998909	-0.0466902	1.95162	-26.8842
38	49	0.927489	-0.373851	2.12128	-26.793
38	50	0	0	2.122e-314	-26
39	0	0.961371	0.275257	2.08036	-28
39	1	0.997751	0.0670362	1.96186	-28.5726
39	2	0.997424	0.0717368	1.94074	-28.7042
39	3	0.996716	0.0809787	1.92151	-28.8434
39	4	0.995689	0.0927521	1.90322	-28.999
39	5	0.994308	0.106543	1.88541	-29.1755
39	6	0.992511	0.122158	1.86758	-29.3764
39	7	0.990224	0.139488	1.84913	-29.6045
39	8	0.987368	0.158444	1.82937	-29.8624
39	9	0.983863	0.178926	1.80751	-30.1523
39	10	0.979636	0.200784	1.7827	-30.4757
39	11	0.974638	0.223788	1.75401	-30.8336
39	12	0.968868	0.247578	1.72043	-31.2262
39	13	0.962407	0.271612	1.68087	-31.6521
39	14	0.955467	0.295098	1.63421	-32.1087
39	15	0.948452	0.31692	1.57943	-32.5909
39	16	0.942001	0.335609	1.51576	-33.0915
39	17	0.936978	0.349388	1.44306	-33.6002
39	18	0.934438	0.356125	1.36191	-34.1044
39	19	0.935748	0.35267	1.27333	-34.5894
39	20	0.942686	0.333681	1.17914	-35.0384
39	21	0.956417	0.292003	1.08448	-35.4319
39	22	0.975005	0.222184	0.999575	-35.7486
39	23	0.992339	0.123546	0.935891	-35.9707
39	24	0.999993	0.00364597	0.902593	-36.0863
39	25	0.992663	-0.120918	0.904189	-36.0896
39	26	0.973062	-0.230542	0.939217	-35.9802
39	27	0.950105	-0.311932	1.00073	-35.7637
39	28	0.932017	-0.362415	1.07892	-35.4515
39	29	0.922132	-0.386875	1.16465	-35.0605
39	30	0.92018	-0.391496	1.25118	-34.61
39	31	0.924041	-0.382293	1.3341	-34.1201
39	32	0.931391	-0.36402	1.411	-33.6101
39	33	0.940389	-0.340101	1.48074	-33.0965
39	34	0.949755	-0.312994	1.54296	-32.5929
39	35	0.958682	-0.28448	1.59777	-32.1099
39	36	0.96672	-0.255838	1.64556	-31.6554
39	37	0.973672	-0.227955	1.68692	-31.2344
39	38	0.979508	-0.201406	1.72258	-30.8499
39	39	0.984296	-0.176528	1.75334	-30.5029
39	40	0.98815	-0.153489	1.78005	-30.1934
39	41	0.991204	-0.132343	1.80354	-29.9202
39	42	0.993585	-0.113085	1.82462	-29.6815
39	43	0.995411	-0.0956908	1.84408	-29.4752
39	44	0.996783	-0.080151	1.86264	-29.2987
39	45	0.997787	-0.0664906	1.88096	-29.1494
39	46	0.998498	-0.0547822	1.89963	-29.0244
39	47	0.998981	-0.0451429	1.91907	-28.9203
39	48	0.999289	-0.0377156	1.93958	-28.8337
39	49	0.932292	-0.361707	2.10254	-28.7605
39	50	0	0	2.122e-314	-28
40	0	0.966626	0.256193	2.06905	-30
40	1	0.998415	0.0562803	1.95109	-30.5301
40	2	0.998099	0.0616373	1.92553	-30.6399
40	3	0.997463	0.0711805	1.90251	-30.7586
40	4	0.996546	0.0830391	1.88095	-30.894
40	5	0.995319	0.0966484	1.86027	-31.0502
40	6	0.993737	0.111747	1.83984	-31.23
40	7	0.991753	0.128166	1.81898	-31.4356
40	8	0.989319	0.145767	1.79693	-31.6687
40	9	0.986394	0.1644	1.77292	-31.9306
40	10	0.98295	0.183872	1.74615	-32.2221
40	11	0.97899	0.20391	1.7158	-32.5432
40	12	0.974563	0.224113	1.68107	-32.893
40	13	0.969796	0.243917	1.64115	-33.2698
40	14	0.964922	0.262538	1.59531	-33.6701
40	15	0.960311	0.278933	1.54299	-34.0889
40	16	0.956488	0.291771	1.48394	-34.5193
40	17	0.954123	0.299416	1.4184	-34.9523
40	18	0.953998	0.299814	1.34718	-35.377
40	19	0.956958	0.290225	1.27181	-35.7809
40	20	0.963683	0.26705	1.19497	-36.15
40	21	0.973998	0.226556	1.12133	-36.4691
40	22	0.986021	0.166623	1.0576	-36.7232
40	23	0.996073	0.0885304	1.01086	-36.8994
40	24	0.999998	-0.00176484	0.986706	-36.9889
40	25	0.995561	-0.0941148	0.98784	-36.9871
40	26	0.984161	-0.177276	1.01337	-36.8942
40	27	0.970025	-0.243005	1.05917	-36.7145
40	28	0.957551	-0.288263	1.11923	-36.4571
40	29	0.949316	-0.314325	1.18741	-36.1345
40	30	0.945896	-0.324471	1.25859	-35.7613
40	31	0.946574	-0.322488	1.32901	-35.3529
40	32	0.950146	-0.311806	1.39622	-34.9243
40	33	0.955434	-0.295204	1.45877	-34.4889
40	34	0.961491	-0.274835	1.51589	-34.0583
40	35	0.96764	-0.252334	1.56735	-33.6417
40	36	0.973446	-0.228916	1.61319	-33.2462
40	37	0.978666	-0.205456	1.65372	-32.8769
40	38	0.983196	-0.182554	1.68941	-32.5371
40	39	0.98702	-0.160599	1.72085	-32.2287
40	40	0.990177	-0.139822	1.74868	-31.9524
40	41	0.992732	-0.120345	1.7736	-31.7079
40	42	0.994761	-0.102228	1.79635	-31.4944
40	43	0.996337	-0.0855118	1.81767	-31.3108
40	44	0.99753	-0.0702479	1.83829	-31.1554
40	45	0.998401	-0.0565331	1.85895	-31.0262
40	46	0.999008	-0.0445253	1.88031	-30.9211
40	47	0.999407	-0.034446	1.9029	-30.8374
40	48	0.999647	-0.0265555	1.92708	-30.7719
40	49	0.938132	-0.346278	2.08123	-30.7207
40	50	0	0	2.122e-314	-30
41	0	0.9726	0.232486	2.05634	-32
41	1	0.999069	0.0431497	1.93941	-32.4781
41	2	0.998774	0.0494957	1.90926	-32.5618
41	3	0.998223	0.0595924	1.88262	-32.6563
41	4	0.997424	0.0717334	1.85822	-32.7684
41	5	0.996355	0.0853021	1.83528	-32.9017
41	6	0.99499	0.0999772	1.81299	-33.0583
41	7	0.993302	0.115549	1.79052	-33.2396
41	8	0.991269	0.131854	1.76704	-33.4464
41	9	0.988879	0.148725	1.74178	-33.6794
41	10	0.986133	0.165954	1.714	-33.9385
41	11	0.983065	0.183257	1.683	-34.2229
41	12	0.979748	0.200233	1.64817	-34.5314
41	13	0.976319	0.216334	1.60896	-34.8614
41	14	0.972995	0.230828	1.56494	-35.2094
41	15	0.970083	0.242772	1.51589	-35.5707
41	16	0.967989	0.250993	1.46189	-35.9387
41	17	0.967187	0.254067	1.40345	-36.3056
41	18	0.968175	0.250274	1.3416	-36.6622
41	19	0.971372	0.237564	1.27802	-36.998
41	20	0.976898	0.213706	1.21533	-37.3016
41	21	0.984234	0.17687	1.15726	-37.5613
41	22	0.991957	0.126577	1.10837	-37.766
41	23	0.997913	0.0645791	1.07321	-37.9063
41	24	0.999989	-0.00472907	1.05528	-37.9756
41	25	0.997192	-0.0748924	1.05624	-37.9706
41	26	0.990286	-0.139043	1.07554	-37.8915
41	27	0.981421	-0.191866	1.1106	-37.7419
41	28	0.973011	-0.230759	1.1576	-37.5288
41	29	0.966765	-0.255667	1.21237	-37.2617
41	30	0.963376	-0.268155	1.27112	-36.9518
41	31	0.96272	-0.270499	1.33081	-36.6109
41	32	0.964234	-0.265051	1.38921	-36.2509
41	33	0.967225	-0.25392	1.44482	-35.8827
41	34	0.971052	-0.238867	1.49671	-35.5158
41	35	0.975206	-0.221297	1.5444	-35.1583
41	36	0.979324	-0.2023	1.58771	-34.8165
41	37	0.983171	-0.182686	1.62673	-34.4954
41	38	0.98662	-0.16304	1.66169	-34.1982
41	39	0.989613	-0.143756	1.693	-33.9273
41	40	0.992146	-0.125086	1.72114	-33.6839
41	41	0.994239	-0.107183	1.74669	-33.4686
41	42	0.995929	-0.0901366	1.77031	-33.2814
41	43	0.997257	-0.0740164	1.79272	-33.1218
41	44	0.998263	-0.0589136	1.81468	-32.9891
41	45	0.998988	-0.0449795	1.83702	-32.8822
41	46	0.999473	-0.0324578	1.86055	-32.7996
41	47	0.999765	-0.0216966	1.88597	-32.7392
41	48	0.999914	-0.013121	1.91376	-32.6983
41	49	0.944949	-0.327217	2.05719	-32.6731
41	50	0	0	2.122e-314	-32
42	0	0.979077	0.203489	2.04274	-34
42	1	0.999621	0.0275146	1.92632	-34.4157
42	2	0.999375	0.0353489	1.89129	-34.4687
42	3	0.998923	0.0463927	1.86126	-34.5355
42	4	0.998251	0.0591151	1.83461	-34.6219
42	5	0.997343	0.0728495	1.81017	-34.7303
42	6	0.996188	0.0872348	1.78685	-34.8622
42	7	0.994779	0.102053	1.76361	-35.0181
42	8	0.993114	0.117149	1.73953	-35.1981
42	9	0.9912	0.132373	1.71383	-35.4018
42	10	0.989057	0.147533	1.68584	-35.6287
42	11	0.986731	0.162366	1.655	-35.8774
42	12	0.9843	0.176502	1.62085	-36.1461
42	13	0.981893	0.189439	1.58304	-36.4322
42	14	0.979688	0.200526	1.54141	-36.7321
42	15	0.977928	0.208944	1.49597	-37.0412
42	16	0.976899	0.213701	1.44702	-37.3538
42	17	0.976914	0.213633	1.39524	-37.663
42	18	0.978252	0.207418	1.34172	-37.9611
42	19	0.981072	0.193644	1.28811	-38.2394
42	20	0.985269	0.171012	1.23664	-38.4888
42	21	0.990329	0.138738	1.19018	-38.7003
42	22	0.995278	0.0970617	1.15192	-38.8654
42	23	0.998864	0.0476589	1.12486	-38.9772
42	24	0.99998	-0.00628165	1.11126	-39.0308
42	25	0.998168	-0.0605039	1.11217	-39.0239
42	26	0.993865	-0.110598	1.12723	-38.9566
42	27	0.988224	-0.153013	1.15477	-38.8319
42	28	0.982605	-0.185705	1.19227	-38.6552
42	29	0.978092	-0.208171	1.23684	-38.4338
42	30	0.975258	-0.221068	1.28571	-38.1763
42	31	0.974194	-0.225713	1.33646	-37.8921
42	32	0.974666	-0.223667	1.38719	-37.5904
42	33	0.976291	-0.216462	1.43649	-37.2802
42	34	0.978663	-0.20547	1.48338	-36.9692
42	35	0.981425	-0.191844	1.52725	-36.6644
42	36	0.984299	-0.17651	1.56778	-36.3714
42	37	0.987087	-0.160185	1.60486	-36.0947
42	38	0.989665	-0.143396	1.63858	-35.8376
42	39	0.991965	-0.126512	1.66917	-35.6027
42	40	0.993957	-0.109772	1.69697	-35.3915
42	41	0.995636	-0.0933192	1.72247	-35.2052
42	42	0.997013	-0.0772388	1.74623	-35.0445
42	43	0.998101	-0.0615957	1.76896	-34.9096
42	44	0.998919	-0.0464839	1.7915	-34.8006
42	45	0.999485	-0.0320828	1.81478	-34.7174
42	46	0.999825	-0.0187141	1.83984	-34.6591
42	47	0.999976	-0.00688014	1.86769	-34.6247
42	48	0.999996	0.00275567	1.89906	-34.6119
42	49	0.952681	-0.303972	2.03009	-34.6171
42	50	0	0	2.122e-314	-34
43	0	0.985752	0.168204	2.02891	-36
43	1	0.999958	0.00916327	1.91093	-36.3413
43	2	0.999815	0.0192501	1.87056	-36.3588
43	3	0.999493	0.0318304	1.83757	-36.3948
43	4	0.998962	0.0455469	1.80953	-36.4533
43	5	0.998216	0.0597034	1.78461	-36.5357
43	6	0.997262	0.0739466	1.76124	-36.6422
43	7	0.996111	0.0881034	1.73813	-36.7725
43	8	0.994777	0.102075	1.71425	-36.9256
43	9	0.993277	0.115765	1.68884	-37.1006
43	10	0.99164	0.129032	1.66131	-37.2961
43	11	0.989915	0.14166	1.6312	-37.5105
43	12	0.988175	0.153331	1.59824	-37.7415
43	13	0.986524	0.163616	1.56227	-37.9866
43	14	0.985104	0.171959	1.52327	-38.2422
43	15	0.984089	0.177678	1.48146	-38.5042
43	16	0.983672	0.179969	1.43728	-38.7674
43	17	0.984043	0.17793	1.39147	-39.026
43	18	0.98534	0.170602	1.3451	-39.2736
43	19	0.987588	0.157067	1.29966	-39.5031
43	20	0.990623	0.13662	1.25699	-39.7072
43	21	0.994039	0.109027	1.21925	-39.879
43	22	0.997199	0.0747939	1.18872	-40.0119
43	23	0.999375	0.0353505	1.16744	-40.1008
43	24	0.999976	-0.00698892	1.15692	-40.1421
43	25	0.998782	-0.0493321	1.15782	-40.134
43	26	0.996055	-0.0887344	1.1699	-40.0769
43	27	0.992437	-0.122757	1.19206	-39.9731
43	28	0.98871	-0.149839	1.22258	-39.8267
43	29	0.985551	-0.169381	1.25942	-39.6435
43	30	0.983375	-0.181586	1.30052	-39.4302
43	31	0.982324	-0.187191	1.34398	-39.1941
43	32	0.982321	-0.187206	1.38823	-38.9425
43	33	0.983166	-0.182715	1.43199	-38.6826
43	34	0.984613	-0.174749	1.47432	-38.4209
43	35	0.986424	-0.164217	1.51456	-38.1633
43	36	0.988399	-0.151879	1.55226	-37.9146
43	37	0.990386	-0.138335	1.58722	-37.6788
43	38	0.992278	-0.124035	1.61937	-37.4593
43	39	0.994009	-0.109295	1.64882	-37.2584
43	40	0.995543	-0.0943118	1.67578	-37.0782
43	41	0.996859	-0.079192	1.70062	-36.9202
43	42	0.997951	-0.0639765	1.72384	-36.7855
43	43	0.998814	-0.0486827	1.74613	-36.6752
43	44	0.999443	-0.0333592	1.76837	-36.5902
43	45	0.999835	-0.0181647	1.79169	-36.5312
43	46	0.999994	-0.00346972	1.81746	-36.4987
43	47	0.99995	0.0100452	1.84715	-36.4924
43	48	0.999772	0.0213649	1.88204	-36.5109
43	49	0.961254	-0.275664	1.99924	-36.5511
43	50	0	0	2.122e-314	-36
44	0	0.992148	0.125069	2.01583	-38
44	1	0.999925	-0.0122252	1.89155	-38.2521
44	2	0.999999	0.00131958	1.84536	-38.229
44	3	0.999867	0.0162959	1.81031	-38.2314
44	4	0.999503	0.0315296	1.78227	-38.2609
44	5	0.998924	0.0463756	1.75825	-38.3171
44	6	0.998163	0.060591	1.73603	-38.3987
44	7	0.997248	0.0741346	1.714	-38.5039
44	8	0.996206	0.0870263	1.69111	-38.6309
44	9	0.995061	0.0992659	1.66661	-38.7781
44	10	0.993844	0.11079	1.64003	-38.9435
44	11	0.992598	0.121449	1.61109	-39.1252
44	12	0.991383	0.130997	1.57964	-39.3209
44	13	0.99028	0.139085	1.54567	-39.5278
44	14	0.989393	0.145262	1.50933	-39.7428
44	15	0.98884	0.148981	1.47096	-39.962
44	16	0.988744	0.149619	1.43108	-40.1812
44	17	0.98921	0.146504	1.39044	-40.3953
44	18	0.990296	0.138972	1.35005	-40.599
44	19	0.991972	0.126455	1.31119	-40.7866
44	20	0.994085	0.108607	1.27536	-40.9524
44	21	0.996341	0.0854669	1.2442	-41.091
44	22	0.99834	0.0575974	1.21937	-41.1973
44	23	0.999658	0.0261546	1.20228	-41.2675
44	24	0.999974	-0.00717266	1.19397	-41.299
44	25	0.999185	-0.0403719	1.19489	-41.2904
44	26	0.997446	-0.0714195	1.20486	-41.2422
44	27	0.995127	-0.0986026	1.22312	-41.1561
44	28	0.992683	-0.120746	1.24847	-41.0355
44	29	0.990531	-0.137288	1.27943	-40.8848
44	30	0.988955	-0.148216	1.31446	-40.7091
44	31	0.988082	-0.153926	1.35208	-40.5143
44	32	0.987905	-0.155061	1.39097	-40.3062
44	33	0.988323	-0.152372	1.43002	-40.0905
44	34	0.989194	-0.146616	1.46833	-39.8726
44	35	0.990364	-0.138487	1.50524	-39.6573
44	36	0.991699	-0.128584	1.54025	-39.4489
44	37	0.993086	-0.117388	1.57305	-39.2508
44	38	0.994444	-0.105263	1.60348	-39.0661
44	39	0.995717	-0.0924521	1.63151	-38.8974
44	40	0.996867	-0.0790934	1.65724	-38.7465
44	41	0.99787	-0.0652265	1.68093	-38.6154
44	42	0.998708	-0.0508148	1.70297	-38.5058
44	43	0.99936	-0.035777	1.72402	-38.4193
44	44	0.999799	-0.0200464	1.74498	-38.3576
44	45	0.999993	-0.0036744	1.7672	-38.3226
44	46	0.999915	0.0130006	1.79247	-38.3161
44	47	0.999576	0.0291296	1.82304	-38.3394
44	48	0.999067	0.0431829	1.86121	-38.3925
44	49	0.970562	-0.240853	1.9634	-38.4729
44	50	0	0	2.122e-314	-38
45	0	0.997435	0.0715817	2.00514	-40
45	1	0.999312	-0.0370917	1.865	-40.1435
45	2	0.999836	-0.0181237	1.81289	-40.0744
45	3	1	0.000458905	1.77783	-40.0415
45	4	0.999842	0.0177903	1.75213	-40.0423
45	5	0.999438	0.0335158	1.73094	-40.0735
45	6	0.998861	0.0477069	1.71126	-40.1315
45	7	0.998163	0.0605858	1.69133	-40.2131
45	8	0.997378	0.072365	1.67011	-40.3156
45	9	0.996535	0.0831792	1.64703	-40.4365
45	10	0.99566	0.0930624	1.62177	-40.5735
45	11	0.99479	0.101945	1.59423	-40.7244
45	12	0.99397	0.109656	1.56441	-40.8869
45	13	0.993257	0.115932	1.53246	-41.0585
45	14	0.992723	0.120422	1.49864	-41.2361
45	15	0.992443	0.122708	1.46338	-41.4166
45	16	0.99249	0.122322	1.42723	-41.5962
45	17	0.99292	0.118784	1.39094	-41.7707
45	18	0.993748	0.11165	1.35544	-41.936
45	19	0.994928	0.100587	1.3218	-42.0873
45	20	0.996342	0.0854586	1.29126	-42.2203
45	21	0.997792	0.0664231	1.26507	-42.3306
45	22	0.999031	0.0440041	1.24446	-42.4146
45	23	0.999817	0.019111	1.23044	-42.4694
45	24	0.999975	-0.00702028	1.22375	-42.4929
45	25	0.999456	-0.0329668	1.22469	-42.4843
45	26	0.998356	-0.0573109	1.23314	-42.4439
45	27	0.996888	-0.078834	1.24856	-42.3733
45	28	0.995318	-0.0966581	1.27008	-42.2748
45	29	0.993898	-0.110304	1.2966	-42.1521
45	30	0.992813	-0.119672	1.32695	-42.0091
45	31	0.992161	-0.124962	1.35995	-41.8503
45	32	0.991957	-0.126578	1.3945	-41.6803
45	33	0.992153	-0.125032	1.42963	-41.5038
45	34	0.992669	-0.120866	1.46452	-41.3251
45	35	0.993412	-0.114599	1.4985	-41.148
45	36	0.994293	-0.106684	1.53106	-40.9763
45	37	0.995236	-0.0974918	1.5618	-40.813
45	38	0.996183	-0.0872944	1.59046	-40.6607
45	39	0.997088	-0.0762611	1.61692	-40.5219
45	40	0.997921	-0.0644553	1.64116	-40.3986
45	41	0.998656	-0.0518337	1.66328	-40.2928
45	42	0.999268	-0.0382504	1.68357	-40.2066
45	43	0.999725	-0.0234713	1.70255	-40.1422
45	44	0.999974	-0.00722018	1.72111	-40.1022
45	45	0.999943	0.0107075	1.74073	-40.0898
45	46	0.999544	0.0301952	1.76371	-40.1084
45	47	0.998731	0.0503563	1.79345	-40.1617
45	48	0.997619	0.0689659	1.83412	-40.252
45	49	0.980385	-0.19709	1.92037	-40.3785
45	50	0	0	2.122e-314	-40
46	0	0.999993	0.00362229	2.00001	-42
46	1	0.997825	-0.0659258	1.82466	-42.0072
46	2	0.999269	-0.0382316	1.7687	-41.887
46	3	0.999895	-0.0144755	1.73828	-41.8193
46	4	0.999985	0.00540115	1.71876	-41.7942
46	5	0.999759	0.0219402	1.70294	-41.8035
46	6	0.999356	0.0358825	1.68737	-41.8408
46	7	0.998853	0.047879	1.67045	-41.9014
46	8	0.998293	0.0583998	1.65146	-41.9813
46	9	0.997703	0.0677348	1.63011	-42.0778
46	10	0.997106	0.0760193	1.60637	-42.1882
46	11	0.996528	0.0832608	1.5803	-42.3103
46	12	0.995999	0.0893606	1.5521	-42.4419
46	13	0.99556	0.0941323	1.52203	-42.5806
46	14	0.995253	0.0973184	1.49046	-42.7239
46	15	0.995126	0.0986098	1.45787	-42.8689
46	16	0.995219	0.0976696	1.42485	-43.0127
46	17	0.995557	0.094166	1.39212	-43.1518
46	18	0.996137	0.0878147	1.36051	-43.2829
46	19	0.996919	0.0784327	1.33096	-43.4024
46	20	0.99782	0.0659978	1.30446	-43.5068
46	21	0.998714	0.0507046	1.282	-43.5929
46	22	0.999455	0.0330005	1.26452	-43.6579
46	23	0.999908	0.0135844	1.25277	-43.6996
46	24	0.999978	-0.00664165	1.24727	-43.7166
46	25	0.999644	-0.0266657	1.24825	-43.7083
46	26	0.998965	-0.0454872	1.25562	-43.6751
46	27	0.998061	-0.0622366	1.26897	-43.6179
46	28	0.997088	-0.0762654	1.28766	-43.539
46	29	0.996192	-0.0871898	1.31087	-43.4408
46	30	0.995488	-0.0948851	1.33766	-43.3265
46	31	0.995043	-0.0994442	1.36708	-43.1995
46	32	0.994874	-0.101118	1.3982	-43.0636
46	33	0.994962	-0.10025	1.43018	-42.9222
46	34	0.995263	-0.0972237	1.46225	-42.7788
46	35	0.995721	-0.0924118	1.49375	-42.6367
46	36	0.996282	-0.0861481	1.52416	-42.4986
46	37	0.996898	-0.0787021	1.55302	-42.3673
46	38	0.997529	-0.070263	1.58	-42.2451
46	39	0.998142	-0.0609267	1.60486	-42.1341
46	40	0.998715	-0.0506833	1.62745	-42.0363
46	41	0.999223	-0.0394009	1.64772	-41.9538
46	42	0.999641	-0.026807	1.66576	-41.8889
46	43	0.999922	-0.0124694	1.6819	-41.8443
46	44	0.999991	0.00420567	1.69683	-41.8233
46	45	0.999714	0.0239028	1.71195	-41.8304
46	46	0.998889	0.0471205	1.72997	-41.8713
46	47	0.997302	0.0734129	1.75569	-41.9529
46	48	0.995	0.0998785	1.79661	-42.0817
46	49	0.990158	-0.139956	1.86621	-42.2612
46	50	0	0	2.122e-314	-42
47	0	0.99632	-0.0857149	2.00739	-44
47	1	0.995102	-0.0988576	1.75581	-43.8279
47	2	0.998385	-0.0568039	1.70643	-43.6544
47	3	0.999653	-0.0263387	1.69055	-43.5574
47	4	0.999992	-0.00411322	1.68294	-43.5129
47	5	0.999921	0.0126055	1.67539	-43.506
47	6	0.99967	0.0256991	1.6653	-43.5271
47	7	0.999338	0.0363702	1.65202	-43.5699
47	8	0.998971	0.0453537	1.63552	-43.63
47	9	0.998591	0.0530725	1.61601	-43.7042
47	10	0.998214	0.0597395	1.59376	-43.7899
47	11	0.997858	0.0654202	1.56908	-43.8851
47	12	0.997542	0.070073	1.54233	-43.9878
47	13	0.99729	0.0735761	1.51388	-44.0959
47	14	0.997127	0.0757496	1.4842	-44.2072
47	15	0.997079	0.0763754	1.45381	-44.3197
47	16	0.997167	0.0752204	1.42331	-44.4307
47	17	0.9974	0.0720643	1.39338	-44.5378
47	18	0.997771	0.066733	1.36479	-44.6382
47	19	0.99825	0.059136	1.33834	-44.7293
47	20	0.998784	0.049306	1.31487	-44.8084
47	21	0.999299	0.0374305	1.29518	-44.8732
47	22	0.999715	0.0238683	1.28	-44.9217
47	23	0.999958	0.00914193	1.2699	-44.9523
47	24	0.999981	-0.00609982	1.26529	-44.9639
47	25	0.999776	-0.0211437	1.26633	-44.9562
47	26	0.999377	-0.0352892	1.27294	-44.9294
47	27	0.998851	-0.0479236	1.28483	-44.8845
47	28	0.998283	-0.0585797	1.3015	-44.8229
47	29	0.997755	-0.0669657	1.32229	-44.7466
47	30	0.997334	-0.0729666	1.34644	-44.6581
47	31	0.99706	-0.0766204	1.37318	-44.5599
47	32	0.996947	-0.0780814	1.40169	-44.4546
47	33	0.996986	-0.0775779	1.43122	-44.3452
47	34	0.997155	-0.0753721	1.46106	-44.2342
47	35	0.997424	-0.0717258	1.49056	-44.124
47	36	0.997761	-0.066873	1.51918	-44.0171
47	37	0.998138	-0.060999	1.54643	-43.9155
47	38	0.998529	-0.0542222	1.5719	-43.8212
47	39	0.998915	-0.046577	1.59524	-43.736
47	40	0.999278	-0.0379926	1.61617	-43.6617
47	41	0.999601	-0.0282631	1.63446	-43.6003
47	42	0.999855	-0.0170008	1.64996	-43.5541
47	43	0.999994	-0.00356646	1.66263	-43.526
47	44	0.999915	0.013027	1.67273	-43.5201
47	45	0.999415	0.0342072	1.68118	-43.5419
47	46	0.998091	0.0617675	1.69043	-43.5994
47	47	0.995282	0.0970276	1.70636	-43.7038
47	48	0.990486	0.137615	1.74156	-43.8694
47	49	0.998151	-0.060783	1.7938	-44.109
47	50	0	0	2.122e-314	-44
48	0	0.978174	-0.207789	2.04463	-46
48	1	0.991003	-0.133837	1.62219	-45.5751
48	2	0.997667	-0.0682681	1.62079	-45.358
48	3	0.999504	-0.0314906	1.63731	-45.2474
48	4	0.999961	-0.00885759	1.64803	-45.1958
48	5	0.999979	0.00643137	1.65079	-45.1812
48	6	0.999845	0.0175937	1.64669	-45.1919
48	7	0.999655	0.0262652	1.63702	-45.2208
48	8	0.999445	0.0333184	1.62285	-45.2638
48	9	0.999231	0.0392204	1.60495	-45.3179
48	10	0.999022	0.044205	1.58397	-45.3808
48	11	0.99883	0.0483606	1.56043	-45.4509
48	12	0.998664	0.051679	1.53484	-45.5263
48	13	0.998536	0.0540856	1.50767	-45.6056
48	14	0.998461	0.0554609	1.47946	-45.6872
48	15	0.99845	0.0556591	1.45074	-45.7692
48	16	0.998512	0.0545272	1.42214	-45.85
48	17	0.998651	0.0519269	1.39431	-45.9275
48	18	0.998859	0.0477579	1.36794	-45.9999
48	19	0.999118	0.0419839	1.34377	-46.0653
48	20	0.999399	0.0346565	1.32249	-46.1217
48	21	0.999664	0.0259329	1.30478	-46.1675
48	22	0.999871	0.016083	1.29124	-46.2013
48	23	0.999985	0.00547948	1.28234	-46.2221
48	24	0.999985	-0.00542796	1.27838	-46.2291
48	25	0.99987	-0.0161535	1.27949	-46.2222
48	26	0.999656	-0.0262234	1.28563	-46.2015
48	27	0.999379	-0.0352229	1.29654	-46.1678
48	28	0.999082	-0.042832	1.31182	-46.1222
48	29	0.998806	-0.0488453	1.33094	-46.066
48	30	0.998585	-0.0531739	1.35326	-46.001
48	31	0.99844	-0.0558325	1.37809	-45.929
48	32	0.998379	-0.0569159	1.40473	-45.8521
48	33	0.998399	-0.0565722	1.43248	-45.7721
48	34	0.998488	-0.054975	1.46066	-45.6911
48	35	0.998631	-0.0522991	1.48866	-45.6108
48	36	0.998813	-0.0486995	1.5159	-45.5329
48	37	0.999019	-0.0442943	1.54186	-45.4591
48	38	0.999233	-0.0391473	1.56607	-45.3908
48	39	0.999447	-0.0332507	1.58809	-45.3295
48	40	0.999649	-0.0264992	1.60751	-45.2767
48	41	0.999826	-0.0186507	1.62391	-45.2341
48	42	0.999957	-0.00925765	1.63682	-45.2038
48	43	0.999997	0.00245518	1.64577	-45.1886
48	44	0.999841	0.0178138	1.65027	-45.1927
48	45	0.999235	0.0390976	1.65006	-45.2221
48	46	0.997534	0.0701878	1.64592	-45.2866
48	47	0.993126	0.11705	1.64242	-45.4021
48	48	0.982888	0.184203	1.65663	-45.5944
48	49	0.998232	0.0594349	1.69071	-45.8995
48	50	0	0	2.122e-314	-46
49	0	0.925698	-0.378264	2.16053	-48
49	1	0.997293	-0.0735233	2.8249	-47.1827
49	2	0.999546	-0.030124	3.02632	-46.9751
49	3	0.999917	-0.012863	3.11637	-46.8839
49	4	0.999993	-0.00374173	3.15622	-46.8438
49	5	0.999998	0.00198626	3.16802	-46.832
49	6	0.999982	0.00600897	3.16177	-46.8383
49	7	0.999959	0.00906268	3.14285	-46.8573
49	8	0.999934	0.0115079	3.11444	-46.8858
49	9	0.999908	0.0135285	3.07868	-46.9216
49	10	0.999884	0.0152139	3.0371	-46.9633
49	11	0.999862	0.0165979	2.99095	-47.0095
49	12	0.999844	0.0176789	2.94135	-47.0591
49	13	0.99983	0.0184319	2.88939	-47.1111
49	14	0.999823	0.0188171	2.83614	-47.1644
49	15	0.999824	0.0187868	2.78276	-47.2177
49	16	0.999833	0.0182929	2.73045	-47.27
49	17	0.99985	0.0172944	2.68044	-47.32
49	18	0.999876	0.0157657	2.63401	-47.3663
49	19	0.999906	0.0137049	2.5924	-47.4078
49	20	0.999938	0.0111404	2.55679	-47.4434
49	21	0.999967	0.00813563	2.52823	-47.4719
49	22	0.999989	0.00478891	2.50761	-47.4924
49	23	0.999999	0.00122889	2.49557	-47.5044
49	24	0.999997	-0.00239518	2.49251	-47.5075
49	25	0.999982	-0.00592671	2.49852	-47.5015
49	26	0.999958	-0.0092165	2.51339	-47.4867
49	27	0.999926	-0.0121363	2.53663	-47.4636
49	28	0.999894	-0.0145889	2.5675	-47.4328
49	29	0.999864	-0.0165131	2.60504	-47.3953
49	30	0.99984	-0.017884	2.64813	-47.3523
49	31	0.999825	-0.0187083	2.69554	-47.3049
49	32	0.999819	-0.0190172	2.74599	-47.2545
49	33	0.999822	-0.0188581	2.79821	-47.2023
49	34	0.999833	-0.0182855	2.85096	-47.1495
49	35	0.999849	-0.0173539	2.90305	-47.0974
49	36	0.99987	-0.0161098	2.95338	-47.047
49	37	0.999894	-0.0145863	3.00089	-46.9994
49	38	0.999918	-0.0127965	3.04459	-46.9557
49	39	0.999942	-0.0107254	3.08348	-46.9167
49	40	0.999965	-0.00831845	3.11648	-46.8836
49	41	0.999985	-0.00546142	3.14235	-46.8577
49	42	0.999998	-0.00194336	3.15947	-46.8405
49	43	0.999997	0.00261699	3.16561	-46.8344
49	44	0.99996	0.00892867	3.15744	-46.8427
49	45	0.999831	0.0183973	3.12966	-46.8709
49	46	0.999419	0.0340956	3.07333	-46.9285
49	47	0.997968	0.0637111	2.9728	-47.0332
49	48	0.991493	0.130156	2.80119	-47.2226
49	49	0.98568	0.168627	2.44782	-47.5872
49	50	0	0	2.122e-314	-48
50	0	0	0	2.122e-314	-50
50	1	0	0	2.122e-314	-50
50	2	0	0	2.122e-314	-50
50	3	0	0	2.122e-314	-50
50	4	0	0	2.122e-314	-50
50	5	0	0	2.122e-314	-50
50	6	0	0	2.122e-314	-50
50	7	0	0	2.122e-314	-50
50	8	0	0	2.122e-314	-50
50	9	0	0	2.122e-314	-50
50	10	0	0	2.122e-314	-50
50	11	0	0	2.122e-314	-50
50	12	0	0	2.122e-314	-50
50	13	0	0	2.122e-314	-50
50	14	0	0	2.122e-314	-50
50	15	0	0	2.122e-314	-50
50	16	0	0	2.122e-314	-50
50	17	0	0	2.122e-314	-50
50	18	0	0	2.122e-314	-50
50	19	0	0	2.122e-314	-50
50	20	0	0	2.122e-314	-50
50	21	0	0	2.122e-314	-50
50	22	0	0	2.122e-314	-50
50	23	0	0	2.122e-314	-50
50	24	0	0	2.122e-314	-50
50	25	0	0	2.122e-314	-50
50	26	0	0	2.122e-314	-50
50	27	0	0	2.122e-314	-50
50	28	0	0	2.122e-314	-50
50	29	0	0	2.122e-314	-50
50	30	0	0	2.122e-314	-50
50	31	0	0	2.122e-314	-50
50	32	0	0	2.122e-314	-50
50	33	0	0	2.122e-314	-50
50	34	0	0	2.122e-314	-50
50	35	0	0	2.122e-314	-50
50	36	0	0	2.122e-314	-50
50	37	0	0	2.122e-314	-50
50	38	0	0	2.122e-314	-50
50	39	0	0	2.122e-314	-50
50	40	0	0	2.122e-314	-50
50	41	0	0	2.122e-314	-50
50	42	0	0	2.122e-314	-50
50	43	0	0	2.122e-314	-50
50	44	0	0	2.122e-314	-50
50	45	0	0	2.122e-314	-50
50	46	0	0	2.122e-314	-50
50	47	0	0	2.122e-314	-50
50	48	0	0	2.122e-314	-50
50	49	0	0	2.122e-314	-50
50	50	0	0	2.122e-314	-50
