
# Surface 0 of 1 surfaces

# Curve title: "'data.dat' matrix"
# Contour 0, label:      100
 0  0  100 


# Contour 1, label:       98
 0.319427  100  98 
 0  99.6549  98 

 0.32094  0  98 
 0  0.346925  98 


# Contour 2, label:       96
 0.638854  100  96 
 0  99.3097  96 

 0.64188  0  96 
 0  0.693851  96 


# Contour 3, label:       94
 0.958281  100  94 
 0  98.9646  94 

 0.96282  0  94 
 0  1.04078  94 


# Contour 4, label:       92
 1.27771  100  92 
 0  98.6194  92 

 1.28376  0  92 
 0  1.3877  92 


# Contour 5, label:       90
 1.59713  100  90 
 0  98.2743  90 

 1.6047  0  90 
 0  1.73463  90 


# Contour 6, label:       88
 1.91656  100  88 
 0  97.9291  88 

 1.92564  0  88 
 0  2.08155  88 


# Contour 7, label:       86
 2.23599  100  86 
 0  97.584  86 

 2.24658  0  86 
 0  2.42848  86 


# Contour 8, label:       84
 2.55542  100  84 
 0  97.2388  84 

 2.56752  0  84 
 0  2.7754  84 


# Contour 9, label:       82
 2.87484  100  82 
 0  96.8937  82 

 2.88846  0  82 
 0  3.12233  82 


# Contour 10, label:       80
 3.19427  100  80 
 0  96.5485  80 

 3.2094  0  80 
 0  3.46925  80 


# Contour 11, label:       78
 3.5137  100  78 
 0  96.2034  78 

 3.53034  0  78 
 0  3.81618  78 


# Contour 12, label:       76
 3.83312  100  76 
 0  95.8582  76 

 3.85128  0  76 
 0  4.16311  76 


# Contour 13, label:       74
 4.15255  100  74 
 0  95.5131  74 

 4.17222  0  74 
 0  4.51003  74 


# Contour 14, label:       72
 4.47198  100  72 
 0  95.1679  72 

 4.49316  0  72 
 0  4.85696  72 


# Contour 15, label:       70
 4.7914  100  70 
 0  94.8228  70 

 4.8141  0  70 
 0  5.20388  70 


# Contour 16, label:       68
 5.11083  100  68 
 0  94.4776  68 

 5.13504  0  68 
 0  5.55081  68 


# Contour 17, label:       66
 5.43026  100  66 
 0  94.1325  66 

 5.45598  0  66 
 0  5.89773  66 


# Contour 18, label:       64
 5.74969  100  64 
 0  93.7873  64 

 5.77692  0  64 
 0  6.24466  64 


# Contour 19, label:       62
 6.06911  100  62 
 0  93.4422  62 

 6.09786  0  62 
 0  6.59158  62 


# Contour 20, label:       60
 6.38854  100  60 
 0  93.097  60 

 6.4188  0  60 
 0  6.93851  60 


# Contour 21, label:       58
 6.70797  100  58 
 0  92.7519  58 

 6.73974  0  58 
 0  7.28543  58 


# Contour 22, label:       56
 7.02739  100  56 
 0  92.4067  56 

 7.06068  0  56 
 0  7.63236  56 


# Contour 23, label:       54
 7.34682  100  54 
 0  92.0616  54 

 7.38162  0  54 
 0  7.97929  54 


# Contour 24, label:       52
 7.66625  100  52 
 0  91.7164  52 

 7.70256  0  52 
 0  8.32621  52 


# Contour 25, label:       50
 7.98567  100  50 
 0  91.3713  50 

 8.0235  0  50 
 0  8.67314  50 


# Contour 26, label:       48
 8.3051  100  48 
 0  91.0261  48 

 8.34444  0  48 
 0  9.02006  48 


# Contour 27, label:       46
 8.62453  100  46 
 0  90.681  46 

 8.66538  0  46 
 0  9.36699  46 


# Contour 28, label:       44
 8.94396  100  44 
 0  90.3358  44 

 8.98632  0  44 
 0  9.71391  44 


# Contour 29, label:       42
 9.26338  100  42 
 0  89.9907  42 

 9.30726  0  42 
 0  10.0608  42 


# Contour 30, label:       40
 9.58281  100  40 
 0  89.6455  40 

 9.6282  0  40 
 0  10.4078  40 


# Contour 31, label:       38
 9.90224  100  38 
 0  89.3004  38 

 9.94914  0  38 
 0  10.7547  38 


# Contour 32, label:       36
 10.2217  100  36 
 0  88.9552  36 

 10.2701  0  36 
 0  11.1016  36 


# Contour 33, label:       34
 10.5411  100  34 
 6.10179  88.8889  34 
 0.716329  77.7778  34 
 0  75.8378  34 

 10.591  0  34 
 7.9591  11.1111  34 
 3.664  22.2222  34 
 0  30.4301  34 


# Contour 34, label:       32
 10.912  0  32 
 11.1111  5.58124  32 
 12.6796  11.1111  32 
 12.1972  22.2222  32 
 11.1761  33.3333  32 
 11.1111  34.0056  32 
 6.69217  44.4444  32 
 5.08823  55.5556  32 
 7.06019  66.6667  32 
 11.1111  76.8612  32 
 11.197  77.7778  32 
 11.9507  88.8889  32 
 11.1111  92.2263  32 
 10.8605  100  32 


# Contour 35, label:       30
 12.1033  0  30 
 15.2307  11.1111  30 
 14.7334  22.2222  30 
 13.6419  33.3333  30 
 12.484  44.4444  30 
 11.9687  55.5556  30 
 12.5114  66.6667  30 
 13.6236  77.7778  30 
 14.4434  88.8889  30 
 11.6686  100  30 


# Contour 36, label:       28
 14.7178  0  28 
 17.7818  11.1111  28 
 17.2696  22.2222  28 
 16.1077  33.3333  28 
 14.8076  44.4444  28 
 14.1941  55.5556  28 
 14.8201  66.6667  28 
 16.0502  77.7778  28 
 16.9361  88.8889  28 
 14.2558  100  28 


# Contour 37, label:       26
 17.3324  0  26 
 20.333  11.1111  26 
 19.8059  22.2222  26 
 18.5735  33.3333  26 
 17.1312  44.4444  26 
 16.4195  55.5556  26 
 17.1289  66.6667  26 
 18.4768  77.7778  26 
 19.4288  88.8889  26 
 16.843  100  26 


# Contour 38, label:       24
 19.9469  0  24 
 22.2222  8.55933  24 
 22.8114  11.1111  24 
 22.3293  22.2222  24 
 22.2222  23.2187  24 
 21.0393  33.3333  24 
 19.4547  44.4444  24 
 18.6448  55.5556  24 
 19.4376  66.6667  24 
 20.9035  77.7778  24 
 21.9215  88.8889  24 
 19.4302  100  24 


# Contour 39, label:       22
 22.548  0  22 
 25.0823  11.1111  22 
 24.5957  22.2222  22 
 23.4019  33.3333  22 
 22.2222  41.46  22 
 21.7783  44.4444  22 
 20.8702  55.5556  22 
 21.7463  66.6667  22 
 22.2222  70.123  22 
 23.2432  77.7778  22 
 24.2198  88.8889  22 
 22.2222  99.0823  22 
 22.0174  100  22 


# Contour 40, label:       20
 25.0588  0  20 
 27.3532  11.1111  20 
 26.8621  22.2222  20 
 25.6693  33.3333  20 
 23.9994  44.4444  20 
 23.0417  55.5556  20 
 23.9278  66.6667  20 
 25.4795  77.7778  20 
 26.4915  88.8889  20 
 24.54  100  20 


# Contour 41, label:       18
 27.5696  0  18 
 29.6241  11.1111  18 
 29.1285  22.2222  18 
 27.9368  33.3333  18 
 26.1963  44.4444  18 
 25.1299  55.5556  18 
 26.0762  66.6667  18 
 27.7159  77.7778  18 
 28.7632  88.8889  18 
 27.0571  100  18 


# Contour 42, label:       16
 30.0804  0  16 
 31.895  11.1111  16 
 31.3949  22.2222  16 
 30.2042  33.3333  16 
 28.3932  44.4444  16 
 27.2181  55.5556  16 
 28.2246  66.6667  16 
 29.9522  77.7778  16 
 31.0349  88.8889  16 
 29.5742  100  16 


# Contour 43, label:       14
 32.5913  0  14 
 33.3333  4.95928  14 
 34.1612  11.1111  14 
 33.6688  22.2222  14 
 33.3333  25.2868  14 
 32.4717  33.3333  14 
 30.5901  44.4444  14 
 29.3063  55.5556  14 
 30.373  66.6667  14 
 32.1885  77.7778  14 
 33.3066  88.8889  14 
 32.0913  100  14 


# Contour 44, label:       12
 35.0839  0  12 
 36.4193  11.1111  12 
 35.9867  22.2222  12 
 34.8692  33.3333  12 
 33.3333  41.2639  12 
 32.7871  44.4444  12 
 31.3945  55.5556  12 
 32.5214  66.6667  12 
 33.3333  71.5157  12 
 34.5528  77.7778  12 
 35.6653  88.8889  12 
 34.6248  100  12 


# Contour 45, label:       10
 37.569  0  10 
 38.6774  11.1111  10 
 38.3046  22.2222  10 
 37.3464  33.3333  10 
 35.4406  44.4444  10 
 33.5592  55.5556  10 
 35.0729  66.6667  10 
 37.0511  77.7778  10 
 38.025  88.8889  10 
 37.1745  100  10 


# Contour 46, label:        8
 40.0541  0  8 
 40.9355  11.1111  8 
 40.6225  22.2222  8 
 39.8237  33.3333  8 
 38.2452  44.4444  8 
 36.7166  55.5556  8 
 37.8694  66.6667  8 
 39.5495  77.7778  8 
 40.3846  88.8889  8 
 39.7241  100  8 


# Contour 47, label:        6
 42.5392  0  6 
 43.1936  11.1111  6 
 42.9404  22.2222  6 
 42.3009  33.3333  6 
 41.0498  44.4444  6 
 39.874  55.5556  6 
 40.6658  66.6667  6 
 42.0479  77.7778  6 
 42.7443  88.8889  6 
 42.2738  100  6 


# Contour 48, label:        4
 45.025  0  4 
 45.458  11.1111  4 
 45.2745  22.2222  4 
 44.7952  33.3333  4 
 44.4444  37.6706  4 
 43.8543  44.4444  4 
 43.0314  55.5556  4 
 43.4623  66.6667  4 
 44.4444  76.6224  4 
 44.5554  77.7778  4 
 45.1258  88.8889  4 
 44.8288  100  4 


# Contour 49, label:        2
 47.5135  0  2 
 47.7302  11.1111  2 
 47.6386  22.2222  2 
 47.399  33.3333  2 
 46.8967  44.4444  2 
 46.4221  55.5556  2 
 46.6311  66.6667  2 
 47.2783  77.7778  2 
 47.5634  88.8889  2 
 47.4149  100  2 


# Contour 50, label:        0
 50.002  0  0 
 50.0024  11.1111  0 
 50.0028  22.2222  0 
 50.0028  33.3333  0 
 50.0025  44.4444  0 
 50.002  55.5556  0 
 50.0015  66.6667  0 
 50.0011  77.7778  0 
 50.0009  88.8889  0 
 50.001  100  0 


# Contour 51, label:       -2
 52.4905  0 -2 
 52.2745  11.1111 -2 
 52.3669  22.2222 -2 
 52.6065  33.3333 -2 
 53.1082  44.4444 -2 
 53.5818  55.5556 -2 
 53.3719  66.6667 -2 
 52.7239  77.7778 -2 
 52.4385  88.8889 -2 
 52.5871  100 -2 


# Contour 52, label:       -4
 54.979  0 -4 
 54.5467  11.1111 -4 
 54.731  22.2222 -4 
 55.2103  33.3333 -4 
 55.5556  37.6086 -4 
 56.1501  44.4444 -4 
 56.9721  55.5556 -4 
 56.5402  66.6667 -4 
 55.5556  76.6452 -4 
 55.4467  77.7778 -4 
 54.8761  88.8889 -4 
 55.1732  100 -4 


# Contour 53, label:       -6
 57.4648  0 -6 
 56.811  11.1111 -6 
 57.065  22.2222 -6 
 57.7043  33.3333 -6 
 58.9547  44.4444 -6 
 60.1295  55.5556 -6 
 59.3367  66.6667 -6 
 57.9541  77.7778 -6 
 57.2575  88.8889 -6 
 57.7282  100 -6 


# Contour 54, label:       -8
 59.9499  0 -8 
 59.0691  11.1111 -8 
 59.3829  22.2222 -8 
 60.1815  33.3333 -8 
 61.7593  44.4444 -8 
 63.2869  55.5556 -8 
 62.1332  66.6667 -8 
 60.4525  77.7778 -8 
 59.6171  88.8889 -8 
 60.2779  100 -8 


# Contour 55, label:      -10
 62.4349  0 -10 
 61.3272  11.1111 -10 
 61.7007  22.2222 -10 
 62.6588  33.3333 -10 
 64.564  44.4444 -10 
 66.4443  55.5556 -10 
 64.9297  66.6667 -10 
 62.9509  77.7778 -10 
 61.9768  88.8889 -10 
 62.8275  100 -10 


# Contour 56, label:      -12
 64.9199  0 -12 
 63.5852  11.1111 -12 
 64.0186  22.2222 -12 
 65.136  33.3333 -12 
 66.6667  41.2415 -12 
 67.2165  44.4444 -12 
 68.6078  55.5556 -12 
 67.4806  66.6667 -12 
 66.6667  71.5269 -12 
 65.4493  77.7778 -12 
 64.3365  88.8889 -12 
 65.3771  100 -12 


# Contour 57, label:      -14
 67.4126  0 -14 
 66.6667  4.98847 -14 
 65.8433  11.1111 -14 
 66.3364  22.2222 -14 
 66.6667  25.2402 -14 
 67.533  33.3333 -14 
 69.4134  44.4444 -14 
 70.6961  55.5556 -14 
 69.629  66.6667 -14 
 67.8133  77.7778 -14 
 66.6951  88.8889 -14 
 67.9107  100 -14 


# Contour 58, label:      -16
 69.9234  0 -16 
 68.1094  11.1111 -16 
 68.61  22.2222 -16 
 69.8004  33.3333 -16 
 71.6102  44.4444 -16 
 72.7843  55.5556 -16 
 71.7775  66.6667 -16 
 70.0497  77.7778 -16 
 68.9668  88.8889 -16 
 70.4277  100 -16 


# Contour 59, label:      -18
 72.4341  0 -18 
 70.3803  11.1111 -18 
 70.8763  22.2222 -18 
 72.0678  33.3333 -18 
 73.8071  44.4444 -18 
 74.8725  55.5556 -18 
 73.9259  66.6667 -18 
 72.286  77.7778 -18 
 71.2385  88.8889 -18 
 72.9448  100 -18 


# Contour 60, label:      -20
 74.9449  0 -20 
 72.6511  11.1111 -20 
 73.1426  22.2222 -20 
 74.3351  33.3333 -20 
 76.004  44.4444 -20 
 76.9607  55.5556 -20 
 76.0743  66.6667 -20 
 74.5223  77.7778 -20 
 73.5102  88.8889 -20 
 75.4619  100 -20 


# Contour 61, label:      -22
 77.9846  100 -22 
 77.7778  99.0735 -22 
 75.7819  88.8889 -22 
 76.7587  77.7778 -22 
 77.7778  70.1387 -22 
 78.2559  66.6667 -22 
 79.1324  55.5556 -22 
 78.2253  44.4444 -22 
 77.7778  41.4343 -22 
 76.6025  33.3333 -22 
 75.4089  22.2222 -22 
 74.9219  11.1111 -22 
 77.4556  0 -22 


# Contour 62, label:      -24
 80.0568  0 -24 
 77.7778  8.57635 -24 
 77.1927  11.1111 -24 
 77.6752  22.2222 -24 
 77.7778  23.1767 -24 
 78.9654  33.3333 -24 
 80.5487  44.4444 -24 
 81.3578  55.5556 -24 
 80.5646  66.6667 -24 
 79.0986  77.7778 -24 
 78.0804  88.8889 -24 
 80.5717  100 -24 


# Contour 63, label:      -26
 82.6712  0 -26 
 79.6715  11.1111 -26 
 80.199  22.2222 -26 
 81.4309  33.3333 -26 
 82.8722  44.4444 -26 
 83.5831  55.5556 -26 
 82.8733  66.6667 -26 
 81.5252  77.7778 -26 
 80.5731  88.8889 -26 
 83.1589  100 -26 


# Contour 64, label:      -28
 85.2856  0 -28 
 82.2224  11.1111 -28 
 82.7351  22.2222 -28 
 83.8965  33.3333 -28 
 85.1957  44.4444 -28 
 85.8084  55.5556 -28 
 85.182  66.6667 -28 
 83.9518  77.7778 -28 
 83.0658  88.8889 -28 
 85.7461  100 -28 


# Contour 65, label:      -30
 87.9001  0 -30 
 84.7733  11.1111 -30 
 85.2711  22.2222 -30 
 86.3621  33.3333 -30 
 87.5191  44.4444 -30 
 88.0338  55.5556 -30 
 87.4907  66.6667 -30 
 86.3784  77.7778 -30 
 85.5584  88.8889 -30 
 88.3333  100 -30 


# Contour 66, label:      -32
 89.0884  0 -32 
 88.8889  5.59318 -32 
 87.3241  11.1111 -32 
 87.8072  22.2222 -32 
 88.8277  33.3333 -32 
 88.8889  33.9668 -32 
 93.3215  44.4444 -32 
 94.9221  55.5556 -32 
 92.949  66.6667 -32 
 88.8889  76.8819 -32 
 88.805  77.7778 -32 
 88.0511  88.8889 -32 
 88.8889  92.2192 -32 
 89.1397  100 -32 


# Contour 67, label:      -34
 100  75.8614 -34 
 99.2923  77.7778 -34 
 93.9037  88.8889 -34 
 89.4591  100 -34 

 100  30.3923 -34 
 96.3548  22.2222 -34 
 92.0519  11.1111 -34 
 89.4094  0 -34 


# Contour 68, label:      -36
 100  88.9555 -36 
 89.7786  100 -36 

 100  11.1012 -36 
 89.7303  0 -36 


# Contour 69, label:      -38
 100  89.3006 -38 
 90.098  100 -38 

 100  10.7543 -38 
 90.0512  0 -38 


# Contour 70, label:      -40
 100  89.6458 -40 
 90.4174  100 -40 

 100  10.4074 -40 
 90.3721  0 -40 


# Contour 71, label:      -42
 100  89.9909 -42 
 90.7368  100 -42 

 100  10.0605 -42 
 90.6931  0 -42 


# Contour 72, label:      -44
 100  90.336 -44 
 91.0562  100 -44 

 100  9.71354 -44 
 91.014  0 -44 


# Contour 73, label:      -46
 100  90.6812 -46 
 91.3757  100 -46 

 100  9.36663 -46 
 91.3349  0 -46 


# Contour 74, label:      -48
 100  91.0263 -48 
 91.6951  100 -48 

 100  9.01972 -48 
 91.6559  0 -48 


# Contour 75, label:      -50
 100  91.3715 -50 
 92.0145  100 -50 

 100  8.67281 -50 
 91.9768  0 -50 


# Contour 76, label:      -52
 100  91.7166 -52 
 92.3339  100 -52 

 100  8.32589 -52 
 92.2977  0 -52 


# Contour 77, label:      -54
 100  92.0617 -54 
 92.6533  100 -54 

 100  7.97898 -54 
 92.6186  0 -54 


# Contour 78, label:      -56
 100  92.4069 -56 
 92.9728  100 -56 

 100  7.63207 -56 
 92.9396  0 -56 


# Contour 79, label:      -58
 100  92.752 -58 
 93.2922  100 -58 

 100  7.28516 -58 
 93.2605  0 -58 


# Contour 80, label:      -60
 100  93.0972 -60 
 93.6116  100 -60 

 100  6.93825 -60 
 93.5814  0 -60 


# Contour 81, label:      -62
 100  93.4423 -62 
 93.931  100 -62 

 100  6.59133 -62 
 93.9024  0 -62 


# Contour 82, label:      -64
 100  93.7875 -64 
 94.2504  100 -64 

 100  6.24442 -64 
 94.2233  0 -64 


# Contour 83, label:      -66
 100  94.1326 -66 
 94.5699  100 -66 

 100  5.89751 -66 
 94.5442  0 -66 


# Contour 84, label:      -68
 100  94.4777 -68 
 94.8893  100 -68 

 100  5.5506 -68 
 94.8651  0 -68 


# Contour 85, label:      -70
 100  94.8229 -70 
 95.2087  100 -70 

 100  5.20368 -70 
 95.1861  0 -70 


# Contour 86, label:      -72
 100  95.168 -72 
 95.5281  100 -72 

 100  4.85677 -72 
 95.507  0 -72 


# Contour 87, label:      -74
 100  95.5132 -74 
 95.8475  100 -74 

 100  4.50986 -74 
 95.8279  0 -74 


# Contour 88, label:      -76
 100  95.8583 -76 
 96.167  100 -76 

 100  4.16295 -76 
 96.1489  0 -76 


# Contour 89, label:      -78
 100  96.2034 -78 
 96.4864  100 -78 

 100  3.81603 -78 
 96.4698  0 -78 


# Contour 90, label:      -80
 100  96.5486 -80 
 96.8058  100 -80 

 100  3.46912 -80 
 96.7907  0 -80 


# Contour 91, label:      -82
 100  96.8937 -82 
 97.1252  100 -82 

 100  3.12221 -82 
 97.1116  0 -82 


# Contour 92, label:      -84
 100  97.2389 -84 
 97.4446  100 -84 

 100  2.7753 -84 
 97.4326  0 -84 


# Contour 93, label:      -86
 100  97.584 -86 
 97.7641  100 -86 

 100  2.42839 -86 
 97.7535  0 -86 


# Contour 94, label:      -88
 100  97.9292 -88 
 98.0835  100 -88 

 100  2.08147 -88 
 98.0744  0 -88 


# Contour 95, label:      -90
 100  98.2743 -90 
 98.4029  100 -90 

 100  1.73456 -90 
 98.3954  0 -90 


# Contour 96, label:      -92
 100  98.6194 -92 
 98.7223  100 -92 

 100  1.38765 -92 
 98.7163  0 -92 


# Contour 97, label:      -94
 100  98.9646 -94 
 99.0417  100 -94 

 100  1.04074 -94 
 99.0372  0 -94 


# Contour 98, label:      -96
 100  99.3097 -96 
 99.3612  100 -96 

 100  0.693825 -96 
 99.3581  0 -96 


# Contour 99, label:      -98
 100  99.6549 -98 
 99.6806  100 -98 

 100  0.346912 -98 
 99.6791  0 -98 

