0	0	1	0	12	100
0	1	0	0	0	100
0	2	0	0	0	100
0	3	0	0	0	100
0	4	0	0	0	100
0	5	1	0	14.6516	100
0	6	0	0	0	100
0	7	0	0	0	100
0	8	0	0	0	100
0	9	0	0	0	100
0	10	1	0	17.7694	100
0	11	0	0	0	100
0	12	0	0	0	100
0	13	0	0	0	100
0	14	0	0	0	100
0	15	1	0	21.3824	100
0	16	0	0	0	100
0	17	0	0	0	100
0	18	0	0	0	100
0	19	0	0	0	100
0	20	1	0	24.535	100
0	21	0	0	0	100
0	22	0	0	0	100
0	23	0	0	0	100
0	24	0	0	0	100
0	25	1	0	25.7261	100
0	26	0	0	0	100
0	27	0	0	0	100
0	28	0	0	0	100
0	29	0	0	0	100
0	30	1	0	24.535	100
0	31	0	0	0	100
0	32	0	0	0	100
0	33	0	0	0	100
0	34	0	0	0	100
0	35	1	0	21.3824	100
0	36	0	0	0	100
0	37	0	0	0	100
0	38	0	0	0	100
0	39	0	0	0	100
0	40	1	0	17.7694	100
0	41	0	0	0	100
0	42	0	0	0	100
0	43	0	0	0	100
0	44	0	0	0	100
0	45	1	0	14.6516	100
0	46	0	0	0	100
0	47	0	0	0	100
0	48	0	0	0	100
0	49	0	0	0	100
0	50	0	0	0	100
1	0	0	0	0	96
1	1	0	0	0	95.8271
1	2	0	0	0	95.6527
1	3	0	0	0	95.4755
1	4	0	0	0	95.2942
1	5	0	0	0	95.1076
1	6	0	0	0	94.9146
1	7	0	0	0	94.7144
1	8	0	0	0	94.5066
1	9	0	0	0	94.2908
1	10	0	0	0	94.0674
1	11	0	0	0	93.837
1	12	0	0	0	93.6008
1	13	0	0	0	93.3608
1	14	0	0	0	93.1194
1	15	0	0	0	92.88
1	16	0	0	0	92.6462
1	17	0	0	0	92.4225
1	18	0	0	0	92.2136
1	19	0	0	0	92.024
1	20	0	0	0	91.858
1	21	0	0	0	91.7189
1	22	0	0	0	91.6092
1	23	0	0	0	91.5303
1	24	0	0	0	91.4828
1	25	0	0	0	91.4669
1	26	0	0	0	91.4828
1	27	0	0	0	91.5303
1	28	0	0	0	91.6092
1	29	0	0	0	91.7189
1	30	0	0	0	91.858
1	31	0	0	0	92.024
1	32	0	0	0	92.2136
1	33	0	0	0	92.4225
1	34	0	0	0	92.6462
1	35	0	0	0	92.88
1	36	0	0	0	93.1194
1	37	0	0	0	93.3608
1	38	0	0	0	93.6008
1	39	0	0	0	93.837
1	40	0	0	0	94.0674
1	41	0	0	0	94.2908
1	42	0	0	0	94.5066
1	43	0	0	0	94.7144
1	44	0	0	0	94.9146
1	45	0	0	0	95.1076
1	46	0	0	0	95.2942
1	47	0	0	0	95.4755
1	48	0	0	0	95.6527
1	49	0	0	0	95.8271
1	50	0	0	0	96
2	0	0.996231	0.0867402	12.0454	92
2	1	0	0	0	91.6556
2	2	0	0	0	91.3082
2	3	0	0	0	90.9552
2	4	0	0	0	90.5938
2	5	0.996615	0.0822159	14.6015	90.2215
2	6	0	0	0	89.8364
2	7	0	0	0	89.4366
2	8	0	0	0	89.0211
2	9	0	0	0	88.5893
2	10	0.996786	0.0801116	17.7106	88.1417
2	11	0	0	0	87.6796
2	12	0	0	0	87.2055
2	13	0	0	0	86.7229
2	14	0	0	0	86.237
2	15	0.998037	0.0626273	21.4992	85.7542
2	16	0	0	0	85.2823
2	17	0	0	0	84.8303
2	18	0	0	0	84.4078
2	19	0	0	0	84.0244
2	20	0.999651	0.0264241	24.9706	83.689
2	21	0	0	0	83.4085
2	22	0	0	0	83.1877
2	23	0	0	0	83.0291
2	24	0	0	0	82.9339
2	25	0.999941	-0.0108948	26.2032	82.9022
2	26	0	0	0	82.9339
2	27	0	0	0	83.0291
2	28	0	0	0	83.1877
2	29	0	0	0	83.4085
2	30	0.998956	-0.045676	24.9879	83.689
2	31	0	0	0	84.0244
2	32	0	0	0	84.4078
2	33	0	0	0	84.8303
2	34	0	0	0	85.2823
2	35	0.997721	-0.0674806	21.506	85.7542
2	36	0	0	0	86.237
2	37	0	0	0	86.7229
2	38	0	0	0	87.2055
2	39	0	0	0	87.6796
2	40	0.997321	-0.0731511	17.7011	88.1417
2	41	0	0	0	88.5893
2	42	0	0	0	89.0211
2	43	0	0	0	89.4366
2	44	0	0	0	89.8364
2	45	0.997223	-0.074469	14.5926	90.2215
2	46	0	0	0	90.5938
2	47	0	0	0	90.9552
2	48	0	0	0	91.3082
2	49	0	0	0	91.6556
2	50	0	0	0	92
3	0	0	0	0	88
3	1	0	0	0	87.4869
3	2	0	0	0	86.9694
3	3	0	0	0	86.4432
3	4	0	0	0	85.9041
3	5	0	0	0	85.3484
3	6	0	0	0	84.7727
3	7	0	0	0	84.1745
3	8	0	0	0	83.5517
3	9	0	0	0	82.9036
3	10	0	0	0	82.2306
3	11	0	0	0	81.5344
3	12	0	0	0	80.8185
3	13	0	0	0	80.0883
3	14	0	0	0	79.3515
3	15	0	0	0	78.6176
3	16	0	0	0	77.8986
3	17	0	0	0	77.2086
3	18	0	0	0	76.5628
3	19	0	0	0	75.9769
3	20	0	0	0	75.465
3	21	0	0	0	75.0383
3	22	0	0	0	74.7038
3	23	0	0	0	74.4647
3	24	0	0	0	74.3215
3	25	0	0	0	74.2739
3	26	0	0	0	74.3215
3	27	0	0	0	74.4647
3	28	0	0	0	74.7038
3	29	0	0	0	75.0383
3	30	0	0	0	75.465
3	31	0	0	0	75.9769
3	32	0	0	0	76.5628
3	33	0	0	0	77.2086
3	34	0	0	0	77.8986
3	35	0	0	0	78.6176
3	36	0	0	0	79.3515
3	37	0	0	0	80.0883
3	38	0	0	0	80.8185
3	39	0	0	0	81.5344
3	40	0	0	0	82.2306
3	41	0	0	0	82.9036
3	42	0	0	0	83.5517
3	43	0	0	0	84.1745
3	44	0	0	0	84.7727
3	45	0	0	0	85.3484
3	46	0	0	0	85.9041
3	47	0	0	0	86.4432
3	48	0	0	0	86.9694
3	49	0	0	0	87.4869
3	50	0	0	0	88
4	0	0.985639	0.168867	12.1748	84
4	1	0	0	0	83.3227
4	2	0	0	0	82.6394
4	3	0	0	0	81.9441
4	4	0	0	0	81.2311
4	5	0.986459	0.164009	14.5568	80.4952
4	6	0	0	0	79.7317
4	7	0	0	0	78.9368
4	8	0	0	0	78.1077
4	9	0	0	0	77.2429
4	10	0.986574	0.163318	17.6469	76.3426
4	11	0	0	0	75.4087
4	12	0	0	0	74.4457
4	13	0	0	0	73.4605
4	14	0	0	0	72.4629
4	15	0.991616	0.129221	21.7293	71.4659
4	16	0	0	0	70.4859
4	17	0	0	0	69.5426
4	18	0	0	0	68.658
4	19	0	0	0	67.8554
4	20	0.998633	0.052264	25.8605	67.1558
4	21	0	0	0	66.5759
4	22	0	0	0	66.1246
4	23	0	0	0	65.8043
4	24	0	0	0	65.6136
4	25	0.999775	-0.0212267	27.0472	65.5504
4	26	0	0	0	65.6136
4	27	0	0	0	65.8043
4	28	0	0	0	66.1246
4	29	0	0	0	66.5759
4	30	0.995757	-0.0920261	25.9353	67.1558
4	31	0	0	0	67.8554
4	32	0	0	0	68.658
4	33	0	0	0	69.5426
4	34	0	0	0	70.4859
4	35	0.990572	-0.13699	21.7522	71.4659
4	36	0	0	0	72.4629
4	37	0	0	0	73.4605
4	38	0	0	0	74.4457
4	39	0	0	0	75.4087
4	40	0.98908	-0.147381	17.6022	76.3426
4	41	0	0	0	77.2429
4	42	0	0	0	78.1077
4	43	0	0	0	78.9368
4	44	0	0	0	79.7317
4	45	0.989034	-0.147686	14.5189	80.4952
4	46	0	0	0	81.2311
4	47	0	0	0	81.9441
4	48	0	0	0	82.6394
4	49	0	0	0	83.3227
4	50	0	0	0	84
5	0	0	0	0	80
5	1	0	0	0	79.1646
5	2	0	0	0	78.3214
5	3	0	0	0	77.4626
5	4	0	0	0	76.5809
5	5	0	0	0	75.6695
5	6	0	0	0	74.722
5	7	0	0	0	73.7333
5	8	0	0	0	72.6994
5	9	0	0	0	71.6177
5	10	0	0	0	70.488
5	11	0	0	0	69.3122
5	12	0	0	0	68.0952
5	13	0	0	0	66.8451
5	14	0	0	0	65.5737
5	15	0	0	0	64.2972
5	16	0	0	0	63.0366
5	17	0	0	0	61.8177
5	18	0	0	0	60.6713
5	19	0	0	0	59.6306
5	20	0	0	0	58.7271
5	21	0	0	0	57.9849
5	22	0	0	0	57.4142
5	23	0	0	0	57.0142
5	24	0	0	0	56.7783
5	25	0	0	0	56.7005
5	26	0	0	0	56.7783
5	27	0	0	0	57.0142
5	28	0	0	0	57.4142
5	29	0	0	0	57.9849
5	30	0	0	0	58.7271
5	31	0	0	0	59.6306
5	32	0	0	0	60.6713
5	33	0	0	0	61.8177
5	34	0	0	0	63.0366
5	35	0	0	0	64.2972
5	36	0	0	0	65.5737
5	37	0	0	0	66.8451
5	38	0	0	0	68.0952
5	39	0	0	0	69.3122
5	40	0	0	0	70.488
5	41	0	0	0	71.6177
5	42	0	0	0	72.6994
5	43	0	0	0	73.7333
5	44	0	0	0	74.722
5	45	0	0	0	75.6695
5	46	0	0	0	76.5809
5	47	0	0	0	77.4626
5	48	0	0	0	78.3214
5	49	0	0	0	79.1646
5	50	0	0	0	80
6	0	0.970219	0.242231	12.3683	76
6	1	0	0	0	75.0143
6	2	0	0	0	74.0188
6	3	0	0	0	73.004
6	4	0	0	0	71.9606
6	5	0.969693	0.244326	14.4934	70.8798
6	6	0	0	0	69.7536
6	7	0	0	0	68.5751
6	8	0	0	0	67.3387
6	9	0	0	0	66.0406
6	10	0.967617	0.252422	17.5451	64.6796
6	11	0	0	0	63.257
6	12	0	0	0	61.7777
6	13	0	0	0	60.2508
6	14	0	0	0	58.6896
6	15	0.978564	0.205943	22.0147	57.1128
6	16	0	0	0	55.5454
6	17	0	0	0	54.0204
6	18	0	0	0	52.579
6	19	0	0	0	51.2687
6	20	0.997153	0.0753994	27.5497	50.1372
6	21	0	0	0	49.2222
6	22	0	0	0	48.5333
6	23	0	0	0	48.0599
6	24	0	0	0	47.7849
6	25	0.999556	-0.0297846	28.1497	47.6949
6	26	0	0	0	47.7849
6	27	0	0	0	48.0599
6	28	0	0	0	48.5333
6	29	0	0	0	49.2222
6	30	0.990157	-0.139965	27.7444	50.1372
6	31	0	0	0	51.2687
6	32	0	0	0	52.579
6	33	0	0	0	54.0204
6	34	0	0	0	55.5454
6	35	0.977348	-0.211639	22.0421	57.1128
6	36	0	0	0	58.6896
6	37	0	0	0	60.2508
6	38	0	0	0	61.7777
6	39	0	0	0	63.257
6	40	0.97467	-0.223649	17.4181	64.6796
6	41	0	0	0	66.0406
6	42	0	0	0	67.3387
6	43	0	0	0	68.5751
6	44	0	0	0	69.7536
6	45	0.975953	-0.217981	14.4005	70.8798
6	46	0	0	0	71.9606
6	47	0	0	0	73.004
6	48	0	0	0	74.0188
6	49	0	0	0	75.0143
6	50	0	0	0	76
7	0	0	0	0	72
7	1	0	0	0	70.8737
7	2	0	0	0	69.7356
7	3	0	0	0	68.574
7	4	0	0	0	67.3776
7	5	0	0	0	66.1355
7	6	0	0	0	64.8375
7	7	0	0	0	63.4747
7	8	0	0	0	62.0396
7	9	0	0	0	60.5265
7	10	0	0	0	58.9326
7	11	0	0	0	57.2582
7	12	0	0	0	55.508
7	13	0	0	0	53.6908
7	14	0	0	0	51.821
7	15	0	0	0	49.9188
7	16	0	0	0	48.0119
7	17	0	0	0	46.1394
7	18	0	0	0	44.3555
7	19	0	0	0	42.7279
7	20	0	0	0	41.3306
7	21	0	0	0	40.2334
7	22	0	0	0	39.437
7	23	0	0	0	38.9072
7	24	0	0	0	38.6065
7	25	0	0	0	38.5093
7	26	0	0	0	38.6065
7	27	0	0	0	38.9072
7	28	0	0	0	39.437
7	29	0	0	0	40.2334
7	30	0	0	0	41.3306
7	31	0	0	0	42.7279
7	32	0	0	0	44.3555
7	33	0	0	0	46.1394
7	34	0	0	0	48.0119
7	35	0	0	0	49.9188
7	36	0	0	0	51.821
7	37	0	0	0	53.6908
7	38	0	0	0	55.508
7	39	0	0	0	57.2582
7	40	0	0	0	58.9326
7	41	0	0	0	60.5265
7	42	0	0	0	62.0396
7	43	0	0	0	63.4747
7	44	0	0	0	64.8375
7	45	0	0	0	66.1355
7	46	0	0	0	67.3776
7	47	0	0	0	68.574
7	48	0	0	0	69.7356
7	49	0	0	0	70.8737
7	50	0	0	0	72
8	0	0.952858	0.303417	12.5937	68
8	1	0	0	0	66.7449
8	2	0	0	0	65.4759
8	3	0	0	0	64.1789
8	4	0	0	0	62.8403
8	5	0.946756	0.321952	14.3765	61.4469
8	6	0	0	0	59.9862
8	7	0	0	0	58.4467
8	8	0	0	0	56.8183
8	9	0	0	0	55.0931
8	10	0.936639	0.350296	17.3643	53.266
8	11	0	0	0	51.3355
8	12	0	0	0	49.305
8	13	0	0	0	47.1833
8	14	0	0	0	44.9848
8	15	0.952892	0.30331	22.2668	42.7294
8	16	0	0	0	40.444
8	17	0	0	0	38.1699
8	18	0	0	0	35.9756
8	19	0	0	0	33.9566
8	20	0.996511	0.0834577	32.337	32.2242
8	21	0	0	0	30.9436
8	22	0	0	0	30.074
8	23	0	0	0	29.5254
8	24	0	0	0	29.2247
8	25	0.999474	-0.0324219	29.1444	29.1291
8	26	0	0	0	29.2247
8	27	0	0	0	29.5254
8	28	0	0	0	30.074
8	29	0	0	0	30.9436
8	30	0.9834	-0.18145	32.7681	32.2242
8	31	0	0	0	33.9566
8	32	0	0	0	35.9756
8	33	0	0	0	38.1699
8	34	0	0	0	40.444
8	35	0.955182	-0.29602	22.2134	42.7294
8	36	0	0	0	44.9848
8	37	0	0	0	47.1833
8	38	0	0	0	49.305
8	39	0	0	0	51.3355
8	40	0.952827	-0.303513	17.0693	53.266
8	41	0	0	0	55.0931
8	42	0	0	0	56.8183
8	43	0	0	0	58.4467
8	44	0	0	0	59.9862
8	45	0.958874	-0.283833	14.1949	61.4469
8	46	0	0	0	62.8403
8	47	0	0	0	64.1789
8	48	0	0	0	65.4759
8	49	0	0	0	66.7449
8	50	0	0	0	68
9	0	0	0	0	64
9	1	0	0	0	62.6302
9	2	0	0	0	61.244
9	3	0	0	0	59.8252
9	4	0	0	0	58.3577
9	5	0	0	0	56.8256
9	6	0	0	0	55.2137
9	7	0	0	0	53.5075
9	8	0	0	0	51.6939
9	9	0	0	0	49.7617
9	10	0	0	0	47.7026
9	11	0	0	0	45.5127
9	12	0	0	0	43.1933
9	13	0	0	0	40.7527
9	14	0	0	0	38.2055
9	15	0	0	0	35.5699
9	16	0	0	0	32.8647
9	17	0	0	0	30.1207
9	18	0	0	0	27.4205
9	19	0	0	0	24.8987
9	20	0	0	0	22.6658
9	21	0	0	0	21.2429
9	22	0	0	0	20.3901
9	23	0	0	0	19.8956
9	24	0	0	0	19.6378
9	25	0	0	0	19.5577
9	26	0	0	0	19.6378
9	27	0	0	0	19.8956
9	28	0	0	0	20.3901
9	29	0	0	0	21.2429
9	30	0	0	0	22.6658
9	31	0	0	0	24.8987
9	32	0	0	0	27.4205
9	33	0	0	0	30.1207
9	34	0	0	0	32.8647
9	35	0	0	0	35.5699
9	36	0	0	0	38.2055
9	37	0	0	0	40.7527
9	38	0	0	0	43.1933
9	39	0	0	0	45.5127
9	40	0	0	0	47.7026
9	41	0	0	0	49.7617
9	42	0	0	0	51.6939
9	43	0	0	0	53.5075
9	44	0	0	0	55.2137
9	45	0	0	0	56.8256
9	46	0	0	0	58.3577
9	47	0	0	0	59.8252
9	48	0	0	0	61.244
9	49	0	0	0	62.6302
9	50	0	0	0	64
10	0	0.936851	0.349729	12.8089	60
10	1	0	0	0	58.5318
10	2	0	0	0	57.0448
10	3	0	0	0	55.5204
10	4	0	0	0	53.9397
10	5	0.918623	0.395134	14.1626	52.2841
10	6	0	0	0	50.5354
10	7	0	0	0	48.6757
10	8	0	0	0	46.688
10	9	0	0	0	44.5571
10	10	0.888019	0.459806	17.0542	42.2702
10	11	0	0	0	39.8192
10	12	0	0	0	37.2026
10	13	0	0	0	34.4286
10	14	0	0	0	31.5147
10	15	0.903086	0.429459	22.8034	28.4801
10	16	0	0	0	25.3241
10	17	0	0	0	22.0276
10	18	0	0	0	18.6869
10	19	0	0	0	15.552
10	20	0.983411	0.181392	12.5049	12.2975
10	21	0	0	0	10.9721
10	22	0	0	0	10.3478
10	23	0	0	0	10.0292
10	24	0	0	0	9.87328
10	25	0.998593	-0.053026	9.83991	9.82607
10	26	0	0	0	9.87328
10	27	0	0	0	10.0292
10	28	0	0	0	10.3478
10	29	0	0	0	10.9721
10	30	0.784213	-0.620492	15.6813	12.2975
10	31	0	0	0	15.552
10	32	0	0	0	18.6869
10	33	0	0	0	22.0276
10	34	0	0	0	25.3241
10	35	0.920808	-0.390017	22.3646	28.4801
10	36	0	0	0	31.5147
10	37	0	0	0	34.4286
10	38	0	0	0	37.2026
10	39	0	0	0	39.8192
10	40	0.921007	-0.389547	16.4434	42.2702
10	41	0	0	0	44.5571
10	42	0	0	0	46.688
10	43	0	0	0	48.6757
10	44	0	0	0	50.5354
10	45	0.939102	-0.34364	13.8538	52.2841
10	46	0	0	0	53.9397
10	47	0	0	0	55.5204
10	48	0	0	0	57.0448
10	49	0	0	0	58.5318
10	50	0	0	0	60
11	0	0	0	0	56
11	1	0	0	0	54.4522
11	2	0	0	0	52.8831
11	3	0	0	0	51.2717
11	4	0	0	0	49.5964
11	5	0	0	0	47.8358
11	6	0	0	0	45.9682
11	7	0	0	0	43.9718
11	8	0	0	0	41.8254
11	9	0	0	0	39.5083
11	10	0	0	0	37.0019
11	11	0	0	0	34.2913
11	12	0	0	0	31.3695
11	13	0	0	0	28.2442
11	14	0	0	0	24.9447
11	15	0	0	0	21.5115
11	16	0	0	0	17.9241
11	17	0	0	0	13.9786
11	18	0	0	0	9.74763
11	19	0	0	0	6.32491
11	20	0	0	0	0
11	21	0	0	0	0
11	22	0	0	0	0
11	23	0	0	0	0
11	24	0	0	0	0
11	25	0	0	0	0
11	26	0	0	0	0
11	27	0	0	0	0
11	28	0	0	0	0
11	29	0	0	0	0
11	30	0	0	0	0
11	31	0	0	0	6.32491
11	32	0	0	0	9.74763
11	33	0	0	0	13.9786
11	34	0	0	0	17.9241
11	35	0	0	0	21.5115
11	36	0	0	0	24.9447
11	37	0	0	0	28.2442
11	38	0	0	0	31.3695
11	39	0	0	0	34.2913
11	40	0	0	0	37.0019
11	41	0	0	0	39.5083
11	42	0	0	0	41.8254
11	43	0	0	0	43.9718
11	44	0	0	0	45.9682
11	45	0	0	0	47.8358
11	46	0	0	0	49.5964
11	47	0	0	0	51.2717
11	48	0	0	0	52.8831
11	49	0	0	0	54.4522
11	50	0	0	0	56
12	0	0.925437	0.378902	12.9669	52
12	1	0	0	0	50.3937
12	2	0	0	0	48.7639
12	3	0	0	0	47.0868
12	4	0	0	0	45.3386
12	5	0.887433	0.460937	13.8006	43.4945
12	6	0	0	0	41.5295
12	7	0	0	0	39.4179
12	8	0	0	0	37.1333
12	9	0	0	0	34.6489
12	10	0.811348	0.584563	16.6	31.9378
12	11	0	0	0	28.9745
12	12	0	0	0	25.7398
12	13	0	0	0	22.234
12	14	0	0	0	18.5083
12	15	0.707107	0.707107	20.7849	14.6971
12	16	0	0	0	10.8822
12	17	0	0	0	6.2152
12	18	0	0	0	0
12	19	0	0	0	0
12	20	-nan	-nan	0	0
12	21	0	0	0	0
12	22	0	0	0	0
12	23	0	0	0	0
12	24	0	0	0	0
12	25	-nan	-nan	0	0
12	26	0	0	0	0
12	27	0	0	0	0
12	28	0	0	0	0
12	29	0	0	0	0
12	30	0	-1	6.2152	0
12	31	0	0	0	0
12	32	0	0	0	0
12	33	0	0	0	6.2152
12	34	0	0	0	10.8822
12	35	0.799482	-0.600689	18.3833	14.6971
12	36	0	0	0	18.5083
12	37	0	0	0	22.234
12	38	0	0	0	25.7398
12	39	0	0	0	28.9745
12	40	0.87422	-0.48553	15.4062	31.9378
12	41	0	0	0	34.6489
12	42	0	0	0	37.1333
12	43	0	0	0	39.4179
12	44	0	0	0	41.5295
12	45	0.918584	-0.395225	13.3326	43.4945
12	46	0	0	0	45.3386
12	47	0	0	0	47.0868
12	48	0	0	0	48.7639
12	49	0	0	0	50.3937
12	50	0	0	0	52
13	0	0	0	0	48
13	1	0	0	0	46.3587
13	2	0	0	0	44.6918
13	3	0	0	0	42.9732
13	4	0	0	0	41.1764
13	5	0	0	0	39.2741
13	6	0	0	0	37.2375
13	7	0	0	0	35.037
13	8	0	0	0	32.641
13	9	0	0	0	30.0161
13	10	0	0	0	27.1257
13	11	0	0	0	23.9292
13	12	0	0	0	20.3812
13	13	0	0	0	16.4438
13	14	0	0	0	12.1572
13	15	0	0	0	7.88663
13	16	0	0	0	4.6922
13	17	0	0	0	0
13	18	0	0	0	0
13	19	0	0	0	0
13	20	0	0	0	0
13	21	0	0	0	0
13	22	0	0	0	0
13	23	0	0	0	0
13	24	0	0	0	0
13	25	0	0	0	0
13	26	0	0	0	0
13	27	0	0	0	0
13	28	0	0	0	0
13	29	0	0	0	0
13	30	0	0	0	0
13	31	0	0	0	0
13	32	0	0	0	0
13	33	0	0	0	0
13	34	0	0	0	4.6922
13	35	0	0	0	7.88663
13	36	0	0	0	12.1572
13	37	0	0	0	16.4438
13	38	0	0	0	20.3812
13	39	0	0	0	23.9292
13	40	0	0	0	27.1257
13	41	0	0	0	30.0161
13	42	0	0	0	32.641
13	43	0	0	0	35.037
13	44	0	0	0	37.2375
13	45	0	0	0	39.2741
13	46	0	0	0	41.1764
13	47	0	0	0	42.9732
13	48	0	0	0	44.6918
13	49	0	0	0	46.3587
13	50	0	0	0	48
14	0	0.92137	0.388687	13.0241	44
14	1	0	0	0	42.3494
14	2	0	0	0	40.6713
14	3	0	0	0	38.9377
14	4	0	0	0	37.1199
14	5	0.857409	0.514635	13.2328	35.1877
14	6	0	0	0	33.1095
14	7	0	0	0	30.8516
14	8	0	0	0	28.3777
14	9	0	0	0	25.6486
14	10	0.698235	0.715869	16.2279	22.6198
14	11	0	0	0	19.2354
14	12	0	0	0	15.4119
14	13	0	0	0	11.0027
14	14	0	0	0	5.78997
14	15	-nan	-nan	0	0
14	16	0	0	0	0
14	17	0	0	0	0
14	18	0	0	0	0
14	19	0	0	0	0
14	20	-nan	-nan	0	0
14	21	0	0	0	0
14	22	0	0	0	0
14	23	0	0	0	0
14	24	0	0	0	0
14	25	-nan	-nan	0	0
14	26	0	0	0	0
14	27	0	0	0	0
14	28	0	0	0	0
14	29	0	0	0	0
14	30	-nan	-nan	0	0
14	31	0	0	0	0
14	32	0	0	0	0
14	33	0	0	0	0
14	34	0	0	0	0
14	35	0	-1	15.4119	0
14	36	0	0	0	5.78997
14	37	0	0	0	11.0027
14	38	0	0	0	15.4119
14	39	0	0	0	19.2354
14	40	0.809038	-0.587756	14.0054	22.6198
14	41	0	0	0	25.6486
14	42	0	0	0	28.3777
14	43	0	0	0	30.8516
14	44	0	0	0	33.1095
14	45	0.900358	-0.43515	12.6015	35.1877
14	46	0	0	0	37.1199
14	47	0	0	0	38.9377
14	48	0	0	0	40.6713
14	49	0	0	0	42.3494
14	50	0	0	0	44
15	0	0	0	0	40
15	1	0	0	0	38.3676
15	2	0	0	0	36.7062
15	3	0	0	0	34.9865
15	4	0	0	0	33.1777
15	5	0	0	0	31.2474
15	6	0	0	0	29.1612
15	7	0	0	0	26.882
15	8	0	0	0	24.3695
15	9	0	0	0	21.5809
15	10	0	0	0	18.4694
15	11	0	0	0	14.9808
15	12	0	0	0	11.0282
15	13	0	0	0	6.36523
15	14	0	0	0	0
15	15	0	0	0	0
15	16	0	0	0	0
15	17	0	0	0	0
15	18	0	0	0	0
15	19	0	0	0	0
15	20	0	0	0	0
15	21	0	0	0	0
15	22	0	0	0	0
15	23	0	0	0	0
15	24	0	0	0	0
15	25	0	0	0	0
15	26	0	0	0	0
15	27	0	0	0	0
15	28	0	0	0	0
15	29	0	0	0	0
15	30	0	0	0	0
15	31	0	0	0	0
15	32	0	0	0	0
15	33	0	0	0	0
15	34	0	0	0	0
15	35	0	0	0	0
15	36	0	0	0	0
15	37	0	0	0	6.36523
15	38	0	0	0	11.0282
15	39	0	0	0	14.9808
15	40	0	0	0	18.4694
15	41	0	0	0	21.5809
15	42	0	0	0	24.3695
15	43	0	0	0	26.882
15	44	0	0	0	29.1612
15	45	0	0	0	31.2474
15	46	0	0	0	33.1777
15	47	0	0	0	34.9865
15	48	0	0	0	36.7062
15	49	0	0	0	38.3676
15	50	0	0	0	40
16	0	0.926448	0.376424	12.9527	36
16	1	0	0	0	34.4147
16	2	0	0	0	32.7996
16	3	0	0	0	31.1243
16	4	0	0	0	29.3568
16	5	0.835132	0.550049	12.4089	27.463
16	6	0	0	0	25.406
16	7	0	0	0	23.1455
16	8	0	0	0	20.6376
16	9	0	0	0	17.8359
16	10	0.61716	0.786838	14.3182	14.6961
16	11	0	0	0	11.1901
16	12	0	0	0	7.35481
16	13	0	0	0	3.43001
16	14	0	0	0	0
16	15	-nan	-nan	0	0
16	16	0	0	0	0
16	17	0	0	0	0
16	18	0	0	0	0
16	19	0	0	0	0
16	20	-nan	-nan	0	0
16	21	0	0	0	0
16	22	0	0	0	0
16	23	0	0	0	0
16	24	0	0	0	0
16	25	-nan	-nan	0	0
16	26	0	0	0	0
16	27	0	0	0	0
16	28	0	0	0	0
16	29	0	0	0	0
16	30	-nan	-nan	0	0
16	31	0	0	0	0
16	32	0	0	0	0
16	33	0	0	0	0
16	34	0	0	0	0
16	35	0	-1	7.35481	0
16	36	0	0	0	0
16	37	0	0	0	3.43001
16	38	0	0	0	7.35481
16	39	0	0	0	11.1901
16	40	0.722763	-0.691096	12.2261	14.6961
16	41	0	0	0	17.8359
16	42	0	0	0	20.6376
16	43	0	0	0	23.1455
16	44	0	0	0	25.406
16	45	0.889043	-0.457825	11.6564	27.463
16	46	0	0	0	29.3568
16	47	0	0	0	31.1243
16	48	0	0	0	32.7996
16	49	0	0	0	34.4147
16	50	0	0	0	36
17	0	0	0	0	32
17	1	0	0	0	30.4916
17	2	0	0	0	28.9532
17	3	0	0	0	27.3543
17	4	0	0	0	25.6622
17	5	0	0	0	23.8418
17	6	0	0	0	21.8544
17	7	0	0	0	19.6564
17	8	0	0	0	17.1993
17	9	0	0	0	14.4291
17	10	0	0	0	11.2889
17	11	0	0	0	7.72883
17	12	0	0	0	3.77091
17	13	0	0	0	0
17	14	0	0	0	0
17	15	0	0	0	0
17	16	0	0	0	0
17	17	0	0	0	0
17	18	0	0	0	0
17	19	0	0	0	0
17	20	0	0	0	0
17	21	0	0	0	0
17	22	0	0	0	0
17	23	0	0	0	0
17	24	0	0	0	0
17	25	0	0	0	0
17	26	0	0	0	0
17	27	0	0	0	0
17	28	0	0	0	0
17	29	0	0	0	0
17	30	0	0	0	0
17	31	0	0	0	0
17	32	0	0	0	0
17	33	0	0	0	0
17	34	0	0	0	0
17	35	0	0	0	0
17	36	0	0	0	0
17	37	0	0	0	0
17	38	0	0	0	3.77091
17	39	0	0	0	7.72883
17	40	0	0	0	11.2889
17	41	0	0	0	14.4291
17	42	0	0	0	17.1993
17	43	0	0	0	19.6564
17	44	0	0	0	21.8544
17	45	0	0	0	23.8418
17	46	0	0	0	25.6622
17	47	0	0	0	27.3543
17	48	0	0	0	28.9532
17	49	0	0	0	30.4916
17	50	0	0	0	32
18	0	0.940822	0.338902	12.7548	28
18	1	0	0	0	26.5983
18	2	0	0	0	25.1675
18	3	0	0	0	23.6774
18	4	0	0	0	22.0959
18	5	0.830085	0.557637	11.3222	20.3877
18	6	0	0	0	18.5132
18	7	0	0	0	16.4265
18	8	0	0	0	14.074
18	9	0	0	0	11.3922
18	10	0.567727	0.823217	10.0842	8.3015
18	11	0	0	0	4.66539
18	12	0	0	0	0
18	13	0	0	0	0
18	14	0	0	0	0
18	15	-nan	-nan	0	0
18	16	0	0	0	0
18	17	0	0	0	0
18	18	0	0	0	0
18	19	0	0	0	0
18	20	-nan	-nan	0	0
18	21	0	0	0	0
18	22	0	0	0	0
18	23	0	0	0	0
18	24	0	0	0	0
18	25	-nan	-nan	0	0
18	26	0	0	0	0
18	27	0	0	0	0
18	28	0	0	0	0
18	29	0	0	0	0
18	30	-nan	-nan	0	0
18	31	0	0	0	0
18	32	0	0	0	0
18	33	0	0	0	0
18	34	0	0	0	0
18	35	-nan	-nan	0	0
18	36	0	0	0	0
18	37	0	0	0	0
18	38	0	0	0	0
18	39	0	0	0	4.66539
18	40	0.575997	-0.817452	9.93944	8.3015
18	41	0	0	0	11.3922
18	42	0	0	0	14.074
18	43	0	0	0	16.4265
18	44	0	0	0	18.5132
18	45	0.891351	-0.453314	10.544	20.3877
18	46	0	0	0	22.0959
18	47	0	0	0	23.6774
18	48	0	0	0	25.1675
18	49	0	0	0	26.5983
18	50	0	0	0	28
19	0	0	0	0	24
19	1	0	0	0	22.7342
19	2	0	0	0	21.441
19	3	0	0	0	20.0918
19	4	0	0	0	18.6562
19	5	0	0	0	17.1
19	6	0	0	0	15.3842
19	7	0	0	0	13.4624
19	8	0	0	0	11.2781
19	9	0	0	0	8.76435
19	10	0	0	0	5.85948
19	11	0	0	0	2.63122
19	12	0	0	0	0
19	13	0	0	0	0
19	14	0	0	0	0
19	15	0	0	0	0
19	16	0	0	0	0
19	17	0	0	0	0
19	18	0	0	0	0
19	19	0	0	0	0
19	20	0	0	0	0
19	21	0	0	0	0
19	22	0	0	0	0
19	23	0	0	0	0
19	24	0	0	0	0
19	25	0	0	0	0
19	26	0	0	0	0
19	27	0	0	0	0
19	28	0	0	0	0
19	29	0	0	0	0
19	30	0	0	0	0
19	31	0	0	0	0
19	32	0	0	0	0
19	33	0	0	0	0
19	34	0	0	0	0
19	35	0	0	0	0
19	36	0	0	0	0
19	37	0	0	0	0
19	38	0	0	0	0
19	39	0	0	0	2.63122
19	40	0	0	0	5.85948
19	41	0	0	0	8.76435
19	42	0	0	0	11.2781
19	43	0	0	0	13.4624
19	44	0	0	0	15.3842
19	45	0	0	0	17.1
19	46	0	0	0	18.6562
19	47	0	0	0	20.0918
19	48	0	0	0	21.441
19	49	0	0	0	22.7342
19	50	0	0	0	24
20	0	0.961975	0.273138	12.4743	20
20	1	0	0	0	18.8976
20	2	0	0	0	17.7704
20	3	0	0	0	16.5928
20	4	0	0	0	15.337
20	5	0.85763	0.514268	10.0339	13.9719
20	6	0	0	0	12.4612
20	7	0	0	0	10.7606
20	8	0	0	0	8.81177
20	9	0	0	0	6.52752
20	10	0.573352	0.819309	4.56586	3.74086
20	11	0	0	0	0
20	12	0	0	0	0
20	13	0	0	0	0
20	14	0	0	0	0
20	15	-nan	-nan	0	0
20	16	0	0	0	0
20	17	0	0	0	0
20	18	0	0	0	0
20	19	0	0	0	0
20	20	-nan	-nan	0	0
20	21	0	0	0	0
20	22	0	0	0	0
20	23	0	0	0	0
20	24	0	0	0	0
20	25	-nan	-nan	0	0
20	26	0	0	0	0
20	27	0	0	0	0
20	28	0	0	0	0
20	29	0	0	0	0
20	30	-nan	-nan	0	0
20	31	0	0	0	0
20	32	0	0	0	0
20	33	0	0	0	0
20	34	0	0	0	0
20	35	-nan	-nan	0	0
20	36	0	0	0	0
20	37	0	0	0	0
20	38	0	0	0	0
20	39	0	0	0	0
20	40	0.349421	-0.936966	7.49196	3.74086
20	41	0	0	0	6.52752
20	42	0	0	0	8.81177
20	43	0	0	0	10.7606
20	44	0	0	0	12.4612
20	45	0.914838	-0.403821	9.40642	13.9719
20	46	0	0	0	15.337
20	47	0	0	0	16.5928
20	48	0	0	0	17.7704
20	49	0	0	0	18.8976
20	50	0	0	0	20
21	0	0	0	0	16
21	1	0	0	0	15.0856
21	2	0	0	0	14.1502
21	3	0	0	0	13.1719
21	4	0	0	0	12.1271
21	5	0	0	0	10.9893
21	6	0	0	0	9.7281
21	7	0	0	0	8.30695
21	8	0	0	0	6.68087
21	9	0	0	0	4.79308
21	10	0	0	0	2.57642
21	11	0	0	0	0
21	12	0	0	0	0
21	13	0	0	0	0
21	14	0	0	0	0
21	15	0	0	0	0
21	16	0	0	0	0
21	17	0	0	0	0
21	18	0	0	0	0
21	19	0	0	0	0
21	20	0	0	0	0
21	21	0	0	0	0
21	22	0	0	0	0
21	23	0	0	0	0
21	24	0	0	0	0
21	25	0	0	0	0
21	26	0	0	0	0
21	27	0	0	0	0
21	28	0	0	0	0
21	29	0	0	0	0
21	30	0	0	0	0
21	31	0	0	0	0
21	32	0	0	0	0
21	33	0	0	0	0
21	34	0	0	0	0
21	35	0	0	0	0
21	36	0	0	0	0
21	37	0	0	0	0
21	38	0	0	0	0
21	39	0	0	0	0
21	40	0	0	0	2.57642
21	41	0	0	0	4.79308
21	42	0	0	0	6.68087
21	43	0	0	0	8.30695
21	44	0	0	0	9.7281
21	45	0	0	0	10.9893
21	46	0	0	0	12.1271
21	47	0	0	0	13.1719
21	48	0	0	0	14.1502
21	49	0	0	0	15.0856
21	50	0	0	0	16
22	0	0.983861	0.178934	12.1968	12
22	1	0	0	0	11.2947
22	2	0	0	0	10.573
22	3	0	0	0	9.81757
22	4	0	0	0	9.01011
22	5	0.925843	0.377908	8.78143	8.13023
22	6	0	0	0	7.15494
22	7	0	0	0	6.05826
22	8	0	0	0	4.81165
22	9	0	0	0	3.38751
22	10	0.707107	0.707107	2.50561	1.77174
22	11	0	0	0	0
22	12	0	0	0	0
22	13	0	0	0	0
22	14	0	0	0	0
22	15	-nan	-nan	0	0
22	16	0	0	0	0
22	17	0	0	0	0
22	18	0	0	0	0
22	19	0	0	0	0
22	20	-nan	-nan	0	0
22	21	0	0	0	0
22	22	0	0	0	0
22	23	0	0	0	0
22	24	0	0	0	0
22	25	-nan	-nan	0	0
22	26	0	0	0	0
22	27	0	0	0	0
22	28	0	0	0	0
22	29	0	0	0	0
22	30	-nan	-nan	0	0
22	31	0	0	0	0
22	32	0	0	0	0
22	33	0	0	0	0
22	34	0	0	0	0
22	35	-nan	-nan	0	0
22	36	0	0	0	0
22	37	0	0	0	0
22	38	0	0	0	0
22	39	0	0	0	0
22	40	0.381984	-0.924169	4.63825	1.77174
22	41	0	0	0	3.38751
22	42	0	0	0	4.81165
22	43	0	0	0	6.05826
22	44	0	0	0	7.15494
22	45	0.957707	-0.287745	8.48926	8.13023
22	46	0	0	0	9.01011
22	47	0	0	0	9.81757
22	48	0	0	0	10.573
22	49	0	0	0	11.2947
22	50	0	0	0	12
23	0	0	0	0	8
23	1	0	0	0	7.52034
23	2	0	0	0	7.02935
23	3	0	0	0	6.51527
23	4	0	0	0	5.96556
23	5	0	0	0	5.36653
23	6	0	0	0	4.70317
23	7	0	0	0	3.95949
23	8	0	0	0	3.11996
23	9	0	0	0	2.17358
23	10	0	0	0	1.12301
23	11	0	0	0	0
23	12	0	0	0	0
23	13	0	0	0	0
23	14	0	0	0	0
23	15	0	0	0	0
23	16	0	0	0	0
23	17	0	0	0	0
23	18	0	0	0	0
23	19	0	0	0	0
23	20	0	0	0	0
23	21	0	0	0	0
23	22	0	0	0	0
23	23	0	0	0	0
23	24	0	0	0	0
23	25	0	0	0	0
23	26	0	0	0	0
23	27	0	0	0	0
23	28	0	0	0	0
23	29	0	0	0	0
23	30	0	0	0	0
23	31	0	0	0	0
23	32	0	0	0	0
23	33	0	0	0	0
23	34	0	0	0	0
23	35	0	0	0	0
23	36	0	0	0	0
23	37	0	0	0	0
23	38	0	0	0	0
23	39	0	0	0	0
23	40	0	0	0	1.12301
23	41	0	0	0	2.17358
23	42	0	0	0	3.11996
23	43	0	0	0	3.95949
23	44	0	0	0	4.70317
23	45	0	0	0	5.36653
23	46	0	0	0	5.96556
23	47	0	0	0	6.51527
23	48	0	0	0	7.02935
23	49	0	0	0	7.52034
23	50	0	0	0	8
24	0	0.998045	0.062494	12.0235	4
24	1	0	0	0	3.75729
24	2	0	0	0	3.50881
24	3	0	0	0	3.2486
24	4	0	0	0	2.97033
24	5	0.990217	0.139535	8.11304	2.66715
24	6	0	0	0	2.33173
24	7	0	0	0	1.95658
24	8	0	0	0	1.5351
24	9	0	0	0	1.06385
24	10	0.950353	0.311173	1.75695	0.546714
24	11	0	0	0	0
24	12	0	0	0	0
24	13	0	0	0	0
24	14	0	0	0	0
24	15	-nan	-nan	0	0
24	16	0	0	0	0
24	17	0	0	0	0
24	18	0	0	0	0
24	19	0	0	0	0
24	20	-nan	-nan	0	0
24	21	0	0	0	0
24	22	0	0	0	0
24	23	0	0	0	0
24	24	0	0	0	0
24	25	-nan	-nan	0	0
24	26	0	0	0	0
24	27	0	0	0	0
24	28	0	0	0	0
24	29	0	0	0	0
24	30	-nan	-nan	0	0
24	31	0	0	0	0
24	32	0	0	0	0
24	33	0	0	0	0
24	34	0	0	0	0
24	35	-nan	-nan	0	0
24	36	0	0	0	0
24	37	0	0	0	0
24	38	0	0	0	0
24	39	0	0	0	0
24	40	0.764058	-0.645148	2.18534	0.546714
24	41	0	0	0	1.06385
24	42	0	0	0	1.5351
24	43	0	0	0	1.95658
24	44	0	0	0	2.33173
24	45	0.994557	-0.104197	8.07764	2.66715
24	46	0	0	0	2.97033
24	47	0	0	0	3.2486
24	48	0	0	0	3.50881
24	49	0	0	0	3.75729
24	50	0	0	0	4
25	0	0	0	0	0
25	1	0	0	0	0
25	2	0	0	0	0
25	3	0	0	0	0
25	4	0	0	0	0
25	5	0	0	0	0
25	6	0	0	0	0
25	7	0	0	0	0
25	8	0	0	0	0
25	9	0	0	0	0
25	10	0	0	0	0
25	11	0	0	0	0
25	12	0	0	0	0
25	13	0	0	0	0
25	14	0	0	0	0
25	15	0	0	0	0
25	16	0	0	0	0
25	17	0	0	0	0
25	18	0	0	0	0
25	19	0	0	0	0
25	20	0	0	0	0
25	21	0	0	0	0
25	22	0	0	0	0
25	23	0	0	0	0
25	24	0	0	0	0
25	25	0	0	0	0
25	26	0	0	0	0
25	27	0	0	0	0
25	28	0	0	0	0
25	29	0	0	0	0
25	30	0	0	0	0
25	31	0	0	0	0
25	32	0	0	0	0
25	33	0	0	0	0
25	34	0	0	0	0
25	35	0	0	0	0
25	36	0	0	0	0
25	37	0	0	0	0
25	38	0	0	0	0
25	39	0	0	0	0
25	40	0	0	0	0
25	41	0	0	0	0
25	42	0	0	0	0
25	43	0	0	0	0
25	44	0	0	0	0
25	45	0	0	0	0
25	46	0	0	0	0
25	47	0	0	0	0
25	48	0	0	0	0
25	49	0	0	0	0
25	50	0	0	0	0
26	0	0.998045	-0.062494	12.0235	-4
26	1	0	0	0	-3.75729
26	2	0	0	0	-3.50881
26	3	0	0	0	-3.2486
26	4	0	0	0	-2.97033
26	5	0.990875	-0.134787	8.39882	-2.66715
26	6	0	0	0	-2.33173
26	7	0	0	0	-1.95658
26	8	0	0	0	-1.5351
26	9	0	0	0	-1.06385
26	10	0.965585	-0.260087	2.10205	-0.546714
26	11	0	0	0	0
26	12	0	0	0	0
26	13	0	0	0	0
26	14	0	0	0	0
26	15	-nan	-nan	0	0
26	16	0	0	0	0
26	17	0	0	0	0
26	18	0	0	0	0
26	19	0	0	0	0
26	20	-nan	-nan	0	0
26	21	0	0	0	0
26	22	0	0	0	0
26	23	0	0	0	0
26	24	0	0	0	0
26	25	-nan	-nan	0	0
26	26	0	0	0	0
26	27	0	0	0	0
26	28	0	0	0	0
26	29	0	0	0	0
26	30	-nan	-nan	0	0
26	31	0	0	0	0
26	32	0	0	0	0
26	33	0	0	0	0
26	34	0	0	0	0
26	35	-nan	-nan	0	0
26	36	0	0	0	0
26	37	0	0	0	0
26	38	0	0	0	0
26	39	0	0	0	0
26	40	0.821304	0.570491	2.47132	-0.546714
26	41	0	0	0	-1.06385
26	42	0	0	0	-1.5351
26	43	0	0	0	-1.95658
26	44	0	0	0	-2.33173
26	45	0.994925	0.100622	8.36463	-2.66715
26	46	0	0	0	-2.97033
26	47	0	0	0	-3.2486
26	48	0	0	0	-3.50881
26	49	0	0	0	-3.75729
26	50	0	0	0	-4
27	0	0	0	0	-8
27	1	0	0	0	-7.52034
27	2	0	0	0	-7.02935
27	3	0	0	0	-6.51527
27	4	0	0	0	-5.96556
27	5	0	0	0	-5.36653
27	6	0	0	0	-4.70317
27	7	0	0	0	-3.95949
27	8	0	0	0	-3.11996
27	9	0	0	0	-2.17358
27	10	0	0	0	-1.12301
27	11	0	0	0	0
27	12	0	0	0	0
27	13	0	0	0	0
27	14	0	0	0	0
27	15	0	0	0	0
27	16	0	0	0	0
27	17	0	0	0	0
27	18	0	0	0	0
27	19	0	0	0	0
27	20	0	0	0	0
27	21	0	0	0	0
27	22	0	0	0	0
27	23	0	0	0	0
27	24	0	0	0	0
27	25	0	0	0	0
27	26	0	0	0	0
27	27	0	0	0	0
27	28	0	0	0	0
27	29	0	0	0	0
27	30	0	0	0	0
27	31	0	0	0	0
27	32	0	0	0	0
27	33	0	0	0	0
27	34	0	0	0	0
27	35	0	0	0	0
27	36	0	0	0	0
27	37	0	0	0	0
27	38	0	0	0	0
27	39	0	0	0	0
27	40	0	0	0	-1.12301
27	41	0	0	0	-2.17358
27	42	0	0	0	-3.11996
27	43	0	0	0	-3.95949
27	44	0	0	0	-4.70317
27	45	0	0	0	-5.36653
27	46	0	0	0	-5.96556
27	47	0	0	0	-6.51527
27	48	0	0	0	-7.02935
27	49	0	0	0	-7.52034
27	50	0	0	0	-8
28	0	0.983861	-0.178934	12.1968	-12
28	1	0	0	0	-11.2947
28	2	0	0	0	-10.573
28	3	0	0	0	-9.81757
28	4	0	0	0	-9.01011
28	5	0.93787	-0.346987	9.56398	-8.13023
28	6	0	0	0	-7.15494
28	7	0	0	0	-6.05826
28	8	0	0	0	-4.81165
28	9	0	0	0	-3.38751
28	10	0.917525	-0.397679	4.45519	-1.77174
28	11	0	0	0	0
28	12	0	0	0	0
28	13	0	0	0	0
28	14	0	0	0	0
28	15	-nan	-nan	0	0
28	16	0	0	0	0
28	17	0	0	0	0
28	18	0	0	0	0
28	19	0	0	0	0
28	20	-nan	-nan	0	0
28	21	0	0	0	0
28	22	0	0	0	0
28	23	0	0	0	0
28	24	0	0	0	0
28	25	-nan	-nan	0	0
28	26	0	0	0	0
28	27	0	0	0	0
28	28	0	0	0	0
28	29	0	0	0	0
28	30	-nan	-nan	0	0
28	31	0	0	0	0
28	32	0	0	0	0
28	33	0	0	0	0
28	34	0	0	0	0
28	35	-nan	-nan	0	0
28	36	0	0	0	0
28	37	0	0	0	0
28	38	0	0	0	0
28	39	0	0	0	0
28	40	0.690128	0.723687	5.92317	-1.77174
28	41	0	0	0	-3.38751
28	42	0	0	0	-4.81165
28	43	0	0	0	-6.05826
28	44	0	0	0	-7.15494
28	45	0.964861	0.262761	9.29644	-8.13023
28	46	0	0	0	-9.01011
28	47	0	0	0	-9.81757
28	48	0	0	0	-10.573
28	49	0	0	0	-11.2947
28	50	0	0	0	-12
29	0	0	0	0	-16
29	1	0	0	0	-15.0856
29	2	0	0	0	-14.1502
29	3	0	0	0	-13.1719
29	4	0	0	0	-12.1271
29	5	0	0	0	-10.9893
29	6	0	0	0	-9.7281
29	7	0	0	0	-8.30695
29	8	0	0	0	-6.68087
29	9	0	0	0	-4.79308
29	10	0	0	0	-2.57642
29	11	0	0	0	0
29	12	0	0	0	0
29	13	0	0	0	0
29	14	0	0	0	0
29	15	0	0	0	0
29	16	0	0	0	0
29	17	0	0	0	0
29	18	0	0	0	0
29	19	0	0	0	0
29	20	0	0	0	0
29	21	0	0	0	0
29	22	0	0	0	0
29	23	0	0	0	0
29	24	0	0	0	0
29	25	0	0	0	0
29	26	0	0	0	0
29	27	0	0	0	0
29	28	0	0	0	0
29	29	0	0	0	0
29	30	0	0	0	0
29	31	0	0	0	0
29	32	0	0	0	0
29	33	0	0	0	0
29	34	0	0	0	0
29	35	0	0	0	0
29	36	0	0	0	0
29	37	0	0	0	0
29	38	0	0	0	0
29	39	0	0	0	0
29	40	0	0	0	-2.57642
29	41	0	0	0	-4.79308
29	42	0	0	0	-6.68087
29	43	0	0	0	-8.30695
29	44	0	0	0	-9.7281
29	45	0	0	0	-10.9893
29	46	0	0	0	-12.1271
29	47	0	0	0	-13.1719
29	48	0	0	0	-14.1502
29	49	0	0	0	-15.0856
29	50	0	0	0	-16
30	0	0.961975	-0.273138	12.4743	-20
30	1	0	0	0	-18.8976
30	2	0	0	0	-17.7704
30	3	0	0	0	-16.5928
30	4	0	0	0	-15.337
30	5	0.886196	-0.463311	11.1375	-13.9719
30	6	0	0	0	-12.4612
30	7	0	0	0	-10.7606
30	8	0	0	0	-8.81177
30	9	0	0	0	-6.52752
30	10	0.895996	-0.444062	8.42417	-3.74086
30	11	0	0	0	0
30	12	0	0	0	0
30	13	0	0	0	0
30	14	0	0	0	0
30	15	-nan	-nan	0	0
30	16	0	0	0	0
30	17	0	0	0	0
30	18	0	0	0	0
30	19	0	0	0	0
30	20	-nan	-nan	0	0
30	21	0	0	0	0
30	22	0	0	0	0
30	23	0	0	0	0
30	24	0	0	0	0
30	25	-nan	-nan	0	0
30	26	0	0	0	0
30	27	0	0	0	0
30	28	0	0	0	0
30	29	0	0	0	0
30	30	-nan	-nan	0	0
30	31	0	0	0	0
30	32	0	0	0	0
30	33	0	0	0	0
30	34	0	0	0	0
30	35	-nan	-nan	0	0
30	36	0	0	0	0
30	37	0	0	0	0
30	38	0	0	0	0
30	39	0	0	0	0
30	40	0.732269	0.681016	10.3077	-3.74086
30	41	0	0	0	-6.52752
30	42	0	0	0	-8.81177
30	43	0	0	0	-10.7606
30	44	0	0	0	-12.4612
30	45	0.93327	0.359174	10.5757	-13.9719
30	46	0	0	0	-15.337
30	47	0	0	0	-16.5928
30	48	0	0	0	-17.7704
30	49	0	0	0	-18.8976
30	50	0	0	0	-20
31	0	0	0	0	-24
31	1	0	0	0	-22.7342
31	2	0	0	0	-21.441
31	3	0	0	0	-20.0918
31	4	0	0	0	-18.6562
31	5	0	0	0	-17.1
31	6	0	0	0	-15.3842
31	7	0	0	0	-13.4624
31	8	0	0	0	-11.2781
31	9	0	0	0	-8.76435
31	10	0	0	0	-5.85948
31	11	0	0	0	-2.63122
31	12	0	0	0	0
31	13	0	0	0	0
31	14	0	0	0	0
31	15	0	0	0	0
31	16	0	0	0	0
31	17	0	0	0	0
31	18	0	0	0	0
31	19	0	0	0	0
31	20	0	0	0	0
31	21	0	0	0	0
31	22	0	0	0	0
31	23	0	0	0	0
31	24	0	0	0	0
31	25	0	0	0	0
31	26	0	0	0	0
31	27	0	0	0	0
31	28	0	0	0	0
31	29	0	0	0	0
31	30	0	0	0	0
31	31	0	0	0	0
31	32	0	0	0	0
31	33	0	0	0	0
31	34	0	0	0	0
31	35	0	0	0	0
31	36	0	0	0	0
31	37	0	0	0	0
31	38	0	0	0	0
31	39	0	0	0	-2.63122
31	40	0	0	0	-5.85948
31	41	0	0	0	-8.76435
31	42	0	0	0	-11.2781
31	43	0	0	0	-13.4624
31	44	0	0	0	-15.3842
31	45	0	0	0	-17.1
31	46	0	0	0	-18.6562
31	47	0	0	0	-20.0918
31	48	0	0	0	-21.441
31	49	0	0	0	-22.7342
31	50	0	0	0	-24
32	0	0.940822	-0.338902	12.7548	-28
32	1	0	0	0	-26.5983
32	2	0	0	0	-25.1675
32	3	0	0	0	-23.6774
32	4	0	0	0	-22.0959
32	5	0.86451	-0.502615	12.5617	-20.3877
32	6	0	0	0	-18.5132
32	7	0	0	0	-16.4265
32	8	0	0	0	-14.074
32	9	0	0	0	-11.3922
32	10	0.774617	-0.632431	13.1263	-8.3015
32	11	0	0	0	-4.66539
32	12	0	0	0	0
32	13	0	0	0	0
32	14	0	0	0	0
32	15	-nan	-nan	0	0
32	16	0	0	0	0
32	17	0	0	0	0
32	18	0	0	0	0
32	19	0	0	0	0
32	20	-nan	-nan	0	0
32	21	0	0	0	0
32	22	0	0	0	0
32	23	0	0	0	0
32	24	0	0	0	0
32	25	-nan	-nan	0	0
32	26	0	0	0	0
32	27	0	0	0	0
32	28	0	0	0	0
32	29	0	0	0	0
32	30	-nan	-nan	0	0
32	31	0	0	0	0
32	32	0	0	0	0
32	33	0	0	0	0
32	34	0	0	0	0
32	35	-nan	-nan	0	0
32	36	0	0	0	0
32	37	0	0	0	0
32	38	0	0	0	0
32	39	0	0	0	-4.66539
32	40	0.781217	0.62426	13.0154	-8.3015
32	41	0	0	0	-11.3922
32	42	0	0	0	-14.074
32	43	0	0	0	-16.4265
32	44	0	0	0	-18.5132
32	45	0.915269	0.402843	11.865	-20.3877
32	46	0	0	0	-22.0959
32	47	0	0	0	-23.6774
32	48	0	0	0	-25.1675
32	49	0	0	0	-26.5983
32	50	0	0	0	-28
33	0	0	0	0	-32
33	1	0	0	0	-30.4916
33	2	0	0	0	-28.9532
33	3	0	0	0	-27.3543
33	4	0	0	0	-25.6622
33	5	0	0	0	-23.8418
33	6	0	0	0	-21.8544
33	7	0	0	0	-19.6564
33	8	0	0	0	-17.1993
33	9	0	0	0	-14.4291
33	10	0	0	0	-11.2889
33	11	0	0	0	-7.72883
33	12	0	0	0	-3.77091
33	13	0	0	0	0
33	14	0	0	0	0
33	15	0	0	0	0
33	16	0	0	0	0
33	17	0	0	0	0
33	18	0	0	0	0
33	19	0	0	0	0
33	20	0	0	0	0
33	21	0	0	0	0
33	22	0	0	0	0
33	23	0	0	0	0
33	24	0	0	0	0
33	25	0	0	0	0
33	26	0	0	0	0
33	27	0	0	0	0
33	28	0	0	0	0
33	29	0	0	0	0
33	30	0	0	0	0
33	31	0	0	0	0
33	32	0	0	0	0
33	33	0	0	0	0
33	34	0	0	0	0
33	35	0	0	0	0
33	36	0	0	0	0
33	37	0	0	0	0
33	38	0	0	0	-3.77091
33	39	0	0	0	-7.72883
33	40	0	0	0	-11.2889
33	41	0	0	0	-14.4291
33	42	0	0	0	-17.1993
33	43	0	0	0	-19.6564
33	44	0	0	0	-21.8544
33	45	0	0	0	-23.8418
33	46	0	0	0	-25.6622
33	47	0	0	0	-27.3543
33	48	0	0	0	-28.9532
33	49	0	0	0	-30.4916
33	50	0	0	0	-32
34	0	0.926448	-0.376424	12.9527	-36
34	1	0	0	0	-34.4147
34	2	0	0	0	-32.7996
34	3	0	0	0	-31.1243
34	4	0	0	0	-29.3568
34	5	0.865823	-0.500351	13.6414	-27.463
34	6	0	0	0	-25.406
34	7	0	0	0	-23.1455
34	8	0	0	0	-20.6376
34	9	0	0	0	-17.8359
34	10	0.740936	-0.671575	16.7756	-14.6961
34	11	0	0	0	-11.1901
34	12	0	0	0	-7.35481
34	13	0	0	0	-3.43001
34	14	0	0	0	0
34	15	1	0	7.88663	0
34	16	0	0	0	0
34	17	0	0	0	0
34	18	0	0	0	0
34	19	0	0	0	0
34	20	-nan	-nan	0	0
34	21	0	0	0	0
34	22	0	0	0	0
34	23	0	0	0	0
34	24	0	0	0	0
34	25	-nan	-nan	0	0
34	26	0	0	0	0
34	27	0	0	0	0
34	28	0	0	0	0
34	29	0	0	0	0
34	30	-nan	-nan	0	0
34	31	0	0	0	0
34	32	0	0	0	0
34	33	0	0	0	0
34	34	0	0	0	0
34	35	0.731335	0.682019	10.7839	0
34	36	0	0	0	0
34	37	0	0	0	-3.43001
34	38	0	0	0	-7.35481
34	39	0	0	0	-11.1901
34	40	0.827011	0.562186	15.0296	-14.6961
34	41	0	0	0	-17.8359
34	42	0	0	0	-20.6376
34	43	0	0	0	-23.1455
34	44	0	0	0	-25.406
34	45	0.911296	0.411752	12.9607	-27.463
34	46	0	0	0	-29.3568
34	47	0	0	0	-31.1243
34	48	0	0	0	-32.7996
34	49	0	0	0	-34.4147
34	50	0	0	0	-36
35	0	0	0	0	-40
35	1	0	0	0	-38.3676
35	2	0	0	0	-36.7062
35	3	0	0	0	-34.9865
35	4	0	0	0	-33.1777
35	5	0	0	0	-31.2474
35	6	0	0	0	-29.1612
35	7	0	0	0	-26.882
35	8	0	0	0	-24.3695
35	9	0	0	0	-21.5809
35	10	0	0	0	-18.4694
35	11	0	0	0	-14.9808
35	12	0	0	0	-11.0282
35	13	0	0	0	-6.36523
35	14	0	0	0	0
35	15	0	0	0	0
35	16	0	0	0	0
35	17	0	0	0	0
35	18	0	0	0	0
35	19	0	0	0	0
35	20	0	0	0	0
35	21	0	0	0	0
35	22	0	0	0	0
35	23	0	0	0	0
35	24	0	0	0	0
35	25	0	0	0	0
35	26	0	0	0	0
35	27	0	0	0	0
35	28	0	0	0	0
35	29	0	0	0	0
35	30	0	0	0	0
35	31	0	0	0	0
35	32	0	0	0	0
35	33	0	0	0	0
35	34	0	0	0	0
35	35	0	0	0	0
35	36	0	0	0	0
35	37	0	0	0	-6.36523
35	38	0	0	0	-11.0282
35	39	0	0	0	-14.9808
35	40	0	0	0	-18.4694
35	41	0	0	0	-21.5809
35	42	0	0	0	-24.3695
35	43	0	0	0	-26.882
35	44	0	0	0	-29.1612
35	45	0	0	0	-31.2474
35	46	0	0	0	-33.1777
35	47	0	0	0	-34.9865
35	48	0	0	0	-36.7062
35	49	0	0	0	-38.3676
35	50	0	0	0	-40
36	0	0.92137	-0.388687	13.0241	-44
36	1	0	0	0	-42.3494
36	2	0	0	0	-40.6713
36	3	0	0	0	-38.9377
36	4	0	0	0	-37.1199
36	5	0.880485	-0.474075	14.3649	-35.1877
36	6	0	0	0	-33.1095
36	7	0	0	0	-30.8516
36	8	0	0	0	-28.3777
36	9	0	0	0	-25.6486
36	10	0.777921	-0.628361	18.4879	-22.6198
36	11	0	0	0	-19.2354
36	12	0	0	0	-15.4119
36	13	0	0	0	-11.0027
36	14	0	0	0	-5.78997
36	15	1	0	21.5115	0
36	16	0	0	0	0
36	17	0	0	0	0
36	18	0	0	0	0
36	19	0	0	0	0
36	20	-nan	-nan	0	0
36	21	0	0	0	0
36	22	0	0	0	0
36	23	0	0	0	0
36	24	0	0	0	0
36	25	-nan	-nan	0	0
36	26	0	0	0	0
36	27	0	0	0	0
36	28	0	0	0	0
36	29	0	0	0	0
36	30	-nan	-nan	0	0
36	31	0	0	0	0
36	32	0	0	0	0
36	33	0	0	0	0
36	34	0	0	0	0
36	35	0.812901	0.582401	26.4626	0
36	36	0	0	0	-5.78997
36	37	0	0	0	-11.0027
36	38	0	0	0	-15.4119
36	39	0	0	0	-19.2354
36	40	0.867894	0.496749	16.5713	-22.6198
36	41	0	0	0	-25.6486
36	42	0	0	0	-28.3777
36	43	0	0	0	-30.8516
36	44	0	0	0	-33.1095
36	45	0.917484	0.397773	13.7856	-35.1877
36	46	0	0	0	-37.1199
36	47	0	0	0	-38.9377
36	48	0	0	0	-40.6713
36	49	0	0	0	-42.3494
36	50	0	0	0	-44
37	0	0	0	0	-48
37	1	0	0	0	-46.3587
37	2	0	0	0	-44.6918
37	3	0	0	0	-42.9732
37	4	0	0	0	-41.1764
37	5	0	0	0	-39.2741
37	6	0	0	0	-37.2375
37	7	0	0	0	-35.037
37	8	0	0	0	-32.641
37	9	0	0	0	-30.0161
37	10	0	0	0	-27.1257
37	11	0	0	0	-23.9292
37	12	0	0	0	-20.3812
37	13	0	0	0	-16.4438
37	14	0	0	0	-12.1572
37	15	0	0	0	-7.88663
37	16	0	0	0	-4.6922
37	17	0	0	0	0
37	18	0	0	0	0
37	19	0	0	0	0
37	20	0	0	0	0
37	21	0	0	0	0
37	22	0	0	0	0
37	23	0	0	0	0
37	24	0	0	0	0
37	25	0	0	0	0
37	26	0	0	0	0
37	27	0	0	0	0
37	28	0	0	0	0
37	29	0	0	0	0
37	30	0	0	0	0
37	31	0	0	0	0
37	32	0	0	0	0
37	33	0	0	0	0
37	34	0	0	0	-4.6922
37	35	0	0	0	-7.88663
37	36	0	0	0	-12.1572
37	37	0	0	0	-16.4438
37	38	0	0	0	-20.3812
37	39	0	0	0	-23.9292
37	40	0	0	0	-27.1257
37	41	0	0	0	-30.0161
37	42	0	0	0	-32.641
37	43	0	0	0	-35.037
37	44	0	0	0	-37.2375
37	45	0	0	0	-39.2741
37	46	0	0	0	-41.1764
37	47	0	0	0	-42.9732
37	48	0	0	0	-44.6918
37	49	0	0	0	-46.3587
37	50	0	0	0	-48
38	0	0.925437	-0.378902	12.9669	-52
38	1	0	0	0	-50.3937
38	2	0	0	0	-48.7639
38	3	0	0	0	-47.0868
38	4	0	0	0	-45.3386
38	5	0.902518	-0.430653	14.771	-43.4945
38	6	0	0	0	-41.5295
38	7	0	0	0	-39.4179
38	8	0	0	0	-37.1333
38	9	0	0	0	-34.6489
38	10	0.851603	-0.524187	18.512	-31.9378
38	11	0	0	0	-28.9745
38	12	0	0	0	-25.7398
38	13	0	0	0	-22.234
38	14	0	0	0	-18.5083
38	15	0.817643	-0.575726	25.528	-14.6971
38	16	0	0	0	-10.8822
38	17	0	0	0	-6.2152
38	18	0	0	0	0
38	19	0	0	0	0
38	20	1	0	22.6658	0
38	21	0	0	0	0
38	22	0	0	0	0
38	23	0	0	0	0
38	24	0	0	0	0
38	25	1	0	19.5577	0
38	26	0	0	0	0
38	27	0	0	0	0
38	28	0	0	0	0
38	29	0	0	0	0
38	30	0.9644	0.264448	23.5025	0
38	31	0	0	0	0
38	32	0	0	0	0
38	33	0	0	0	-6.2152
38	34	0	0	0	-10.8822
38	35	0.883922	0.467635	23.6138	-14.6971
38	36	0	0	0	-18.5083
38	37	0	0	0	-22.234
38	38	0	0	0	-25.7398
38	39	0	0	0	-28.9745
38	40	0.903459	0.428675	17.4495	-31.9378
38	41	0	0	0	-34.6489
38	42	0	0	0	-37.1333
38	43	0	0	0	-39.4179
38	44	0	0	0	-41.5295
38	45	0.929986	0.367594	14.3347	-43.4945
38	46	0	0	0	-45.3386
38	47	0	0	0	-47.0868
38	48	0	0	0	-48.7639
38	49	0	0	0	-50.3937
38	50	0	0	0	-52
39	0	0	0	0	-56
39	1	0	0	0	-54.4522
39	2	0	0	0	-52.8831
39	3	0	0	0	-51.2717
39	4	0	0	0	-49.5964
39	5	0	0	0	-47.8358
39	6	0	0	0	-45.9682
39	7	0	0	0	-43.9718
39	8	0	0	0	-41.8254
39	9	0	0	0	-39.5083
39	10	0	0	0	-37.0019
39	11	0	0	0	-34.2913
39	12	0	0	0	-31.3695
39	13	0	0	0	-28.2442
39	14	0	0	0	-24.9447
39	15	0	0	0	-21.5115
39	16	0	0	0	-17.9241
39	17	0	0	0	-13.9786
39	18	0	0	0	-9.74763
39	19	0	0	0	-6.32491
39	20	0	0	0	0
39	21	0	0	0	0
39	22	0	0	0	0
39	23	0	0	0	0
39	24	0	0	0	0
39	25	0	0	0	0
39	26	0	0	0	0
39	27	0	0	0	0
39	28	0	0	0	0
39	29	0	0	0	0
39	30	0	0	0	0
39	31	0	0	0	-6.32491
39	32	0	0	0	-9.74763
39	33	0	0	0	-13.9786
39	34	0	0	0	-17.9241
39	35	0	0	0	-21.5115
39	36	0	0	0	-24.9447
39	37	0	0	0	-28.2442
39	38	0	0	0	-31.3695
39	39	0	0	0	-34.2913
39	40	0	0	0	-37.0019
39	41	0	0	0	-39.5083
39	42	0	0	0	-41.8254
39	43	0	0	0	-43.9718
39	44	0	0	0	-45.9682
39	45	0	0	0	-47.8358
39	46	0	0	0	-49.5964
39	47	0	0	0	-51.2717
39	48	0	0	0	-52.8831
39	49	0	0	0	-54.4522
39	50	0	0	0	-56
40	0	0.936851	-0.349729	12.8089	-60
40	1	0	0	0	-58.5318
40	2	0	0	0	-57.0448
40	3	0	0	0	-55.5204
40	4	0	0	0	-53.9397
40	5	0.927188	-0.374597	14.9391	-52.2841
40	6	0	0	0	-50.5354
40	7	0	0	0	-48.6757
40	8	0	0	0	-46.688
40	9	0	0	0	-44.5571
40	10	0.904807	-0.425821	18.4154	-42.2702
40	11	0	0	0	-39.8192
40	12	0	0	0	-37.2026
40	13	0	0	0	-34.4286
40	14	0	0	0	-31.5147
40	15	0.909593	-0.4155	23.5695	-28.4801
40	16	0	0	0	-25.3241
40	17	0	0	0	-22.0276
40	18	0	0	0	-18.6869
40	19	0	0	0	-15.552
40	20	0.996962	-0.0778902	29.1216	-12.2975
40	21	0	0	0	-10.9721
40	22	0	0	0	-10.3478
40	23	0	0	0	-10.0292
40	24	0	0	0	-9.87328
40	25	0.999835	0.0181878	28.688	-9.82607
40	26	0	0	0	-9.87328
40	27	0	0	0	-10.0292
40	28	0	0	0	-10.3478
40	29	0	0	0	-10.9721
40	30	0.948169	0.317768	30.6203	-12.2975
40	31	0	0	0	-15.552
40	32	0	0	0	-18.6869
40	33	0	0	0	-22.0276
40	34	0	0	0	-25.3241
40	35	0.926269	0.376863	23.1452	-28.4801
40	36	0	0	0	-31.5147
40	37	0	0	0	-34.4286
40	38	0	0	0	-37.2026
40	39	0	0	0	-39.8192
40	40	0.933404	0.358827	17.8512	-42.2702
40	41	0	0	0	-44.5571
40	42	0	0	0	-46.688
40	43	0	0	0	-48.6757
40	44	0	0	0	-50.5354
40	45	0.945701	0.325038	14.6466	-52.2841
40	46	0	0	0	-53.9397
40	47	0	0	0	-55.5204
40	48	0	0	0	-57.0448
40	49	0	0	0	-58.5318
40	50	0	0	0	-60
41	0	0	0	0	-64
41	1	0	0	0	-62.6302
41	2	0	0	0	-61.244
41	3	0	0	0	-59.8252
41	4	0	0	0	-58.3577
41	5	0	0	0	-56.8256
41	6	0	0	0	-55.2137
41	7	0	0	0	-53.5075
41	8	0	0	0	-51.6939
41	9	0	0	0	-49.7617
41	10	0	0	0	-47.7026
41	11	0	0	0	-45.5127
41	12	0	0	0	-43.1933
41	13	0	0	0	-40.7527
41	14	0	0	0	-38.2055
41	15	0	0	0	-35.5699
41	16	0	0	0	-32.8647
41	17	0	0	0	-30.1207
41	18	0	0	0	-27.4205
41	19	0	0	0	-24.8987
41	20	0	0	0	-22.6658
41	21	0	0	0	-21.2429
41	22	0	0	0	-20.3901
41	23	0	0	0	-19.8956
41	24	0	0	0	-19.6378
41	25	0	0	0	-19.5577
41	26	0	0	0	-19.6378
41	27	0	0	0	-19.8956
41	28	0	0	0	-20.3901
41	29	0	0	0	-21.2429
41	30	0	0	0	-22.6658
41	31	0	0	0	-24.8987
41	32	0	0	0	-27.4205
41	33	0	0	0	-30.1207
41	34	0	0	0	-32.8647
41	35	0	0	0	-35.5699
41	36	0	0	0	-38.2055
41	37	0	0	0	-40.7527
41	38	0	0	0	-43.1933
41	39	0	0	0	-45.5127
41	40	0	0	0	-47.7026
41	41	0	0	0	-49.7617
41	42	0	0	0	-51.6939
41	43	0	0	0	-53.5075
41	44	0	0	0	-55.2137
41	45	0	0	0	-56.8256
41	46	0	0	0	-58.3577
41	47	0	0	0	-59.8252
41	48	0	0	0	-61.244
41	49	0	0	0	-62.6302
41	50	0	0	0	-64
42	0	0.952858	-0.303417	12.5937	-68
42	1	0	0	0	-66.7449
42	2	0	0	0	-65.4759
42	3	0	0	0	-64.1789
42	4	0	0	0	-62.8403
42	5	0.950912	-0.309462	14.9568	-61.4469
42	6	0	0	0	-59.9862
42	7	0	0	0	-58.4467
42	8	0	0	0	-56.8183
42	9	0	0	0	-55.0931
42	10	0.942917	-0.333027	18.2647	-53.266
42	11	0	0	0	-51.3355
42	12	0	0	0	-49.305
42	13	0	0	0	-47.1833
42	14	0	0	0	-44.9848
42	15	0.954306	-0.298831	22.6006	-42.7294
42	16	0	0	0	-40.444
42	17	0	0	0	-38.1699
42	18	0	0	0	-35.9756
42	19	0	0	0	-33.9566
42	20	0.994855	-0.101305	26.64	-32.2242
42	21	0	0	0	-30.9436
42	22	0	0	0	-30.074
42	23	0	0	0	-29.5254
42	24	0	0	0	-29.2247
42	25	0.999413	0.0342516	27.5876	-29.1291
42	26	0	0	0	-29.2247
42	27	0	0	0	-29.5254
42	28	0	0	0	-30.074
42	29	0	0	0	-30.9436
42	30	0.975747	0.218902	27.1617	-32.2242
42	31	0	0	0	-33.9566
42	32	0	0	0	-35.9756
42	33	0	0	0	-38.1699
42	34	0	0	0	-40.444
42	35	0.956532	0.291628	22.548	-42.7294
42	36	0	0	0	-44.9848
42	37	0	0	0	-47.1833
42	38	0	0	0	-49.305
42	39	0	0	0	-51.3355
42	40	0.95761	0.288068	17.9844	-53.266
42	41	0	0	0	-55.0931
42	42	0	0	0	-56.8183
42	43	0	0	0	-58.4467
42	44	0	0	0	-59.9862
42	45	0.96214	0.272555	14.7822	-61.4469
42	46	0	0	0	-62.8403
42	47	0	0	0	-64.1789
42	48	0	0	0	-65.4759
42	49	0	0	0	-66.7449
42	50	0	0	0	-68
43	0	0	0	0	-72
43	1	0	0	0	-70.8737
43	2	0	0	0	-69.7356
43	3	0	0	0	-68.574
43	4	0	0	0	-67.3776
43	5	0	0	0	-66.1355
43	6	0	0	0	-64.8375
43	7	0	0	0	-63.4747
43	8	0	0	0	-62.0396
43	9	0	0	0	-60.5265
43	10	0	0	0	-58.9326
43	11	0	0	0	-57.2582
43	12	0	0	0	-55.508
43	13	0	0	0	-53.6908
43	14	0	0	0	-51.821
43	15	0	0	0	-49.9188
43	16	0	0	0	-48.0119
43	17	0	0	0	-46.1394
43	18	0	0	0	-44.3555
43	19	0	0	0	-42.7279
43	20	0	0	0	-41.3306
43	21	0	0	0	-40.2334
43	22	0	0	0	-39.437
43	23	0	0	0	-38.9072
43	24	0	0	0	-38.6065
43	25	0	0	0	-38.5093
43	26	0	0	0	-38.6065
43	27	0	0	0	-38.9072
43	28	0	0	0	-39.437
43	29	0	0	0	-40.2334
43	30	0	0	0	-41.3306
43	31	0	0	0	-42.7279
43	32	0	0	0	-44.3555
43	33	0	0	0	-46.1394
43	34	0	0	0	-48.0119
43	35	0	0	0	-49.9188
43	36	0	0	0	-51.821
43	37	0	0	0	-53.6908
43	38	0	0	0	-55.508
43	39	0	0	0	-57.2582
43	40	0	0	0	-58.9326
43	41	0	0	0	-60.5265
43	42	0	0	0	-62.0396
43	43	0	0	0	-63.4747
43	44	0	0	0	-64.8375
43	45	0	0	0	-66.1355
43	46	0	0	0	-67.3776
43	47	0	0	0	-68.574
43	48	0	0	0	-69.7356
43	49	0	0	0	-70.8737
43	50	0	0	0	-72
44	0	0.970219	-0.242231	12.3683	-76
44	1	0	0	0	-75.0143
44	2	0	0	0	-74.0188
44	3	0	0	0	-73.004
44	4	0	0	0	-71.9606
44	5	0.971332	-0.237729	14.8956	-70.8798
44	6	0	0	0	-69.7536
44	7	0	0	0	-68.5751
44	8	0	0	0	-67.3387
44	9	0	0	0	-66.0406
44	10	0.969607	-0.244667	18.1012	-64.6796
44	11	0	0	0	-63.257
44	12	0	0	0	-61.7777
44	13	0	0	0	-60.2508
44	14	0	0	0	-58.6896
44	15	0.978491	-0.206292	21.9775	-57.1128
44	16	0	0	0	-55.5454
44	17	0	0	0	-54.0204
44	18	0	0	0	-52.579
44	19	0	0	0	-51.2687
44	20	0.996654	-0.0817394	25.4129	-50.1372
44	21	0	0	0	-49.2222
44	22	0	0	0	-48.5333
44	23	0	0	0	-48.0599
44	24	0	0	0	-47.7849
44	25	0.999503	0.0315291	26.5922	-47.6949
44	26	0	0	0	-47.7849
44	27	0	0	0	-48.0599
44	28	0	0	0	-48.5333
44	29	0	0	0	-49.2222
44	30	0.98845	0.151548	25.6238	-50.1372
44	31	0	0	0	-51.2687
44	32	0	0	0	-52.579
44	33	0	0	0	-54.0204
44	34	0	0	0	-55.5454
44	35	0.97727	0.211997	22.005	-57.1128
44	36	0	0	0	-58.6896
44	37	0	0	0	-60.2508
44	38	0	0	0	-61.7777
44	39	0	0	0	-63.257
44	40	0.976242	0.216682	17.9782	-64.6796
44	41	0	0	0	-66.0406
44	42	0	0	0	-67.3387
44	43	0	0	0	-68.5751
44	44	0	0	0	-69.7536
44	45	0.977265	0.212022	14.8052	-70.8798
44	46	0	0	0	-71.9606
44	47	0	0	0	-73.004
44	48	0	0	0	-74.0188
44	49	0	0	0	-75.0143
44	50	0	0	0	-76
45	0	0	0	0	-80
45	1	0	0	0	-79.1646
45	2	0	0	0	-78.3214
45	3	0	0	0	-77.4626
45	4	0	0	0	-76.5809
45	5	0	0	0	-75.6695
45	6	0	0	0	-74.722
45	7	0	0	0	-73.7333
45	8	0	0	0	-72.6994
45	9	0	0	0	-71.6177
45	10	0	0	0	-70.488
45	11	0	0	0	-69.3122
45	12	0	0	0	-68.0952
45	13	0	0	0	-66.8451
45	14	0	0	0	-65.5737
45	15	0	0	0	-64.2972
45	16	0	0	0	-63.0366
45	17	0	0	0	-61.8177
45	18	0	0	0	-60.6713
45	19	0	0	0	-59.6306
45	20	0	0	0	-58.7271
45	21	0	0	0	-57.9849
45	22	0	0	0	-57.4142
45	23	0	0	0	-57.0142
45	24	0	0	0	-56.7783
45	25	0	0	0	-56.7005
45	26	0	0	0	-56.7783
45	27	0	0	0	-57.0142
45	28	0	0	0	-57.4142
45	29	0	0	0	-57.9849
45	30	0	0	0	-58.7271
45	31	0	0	0	-59.6306
45	32	0	0	0	-60.6713
45	33	0	0	0	-61.8177
45	34	0	0	0	-63.0366
45	35	0	0	0	-64.2972
45	36	0	0	0	-65.5737
45	37	0	0	0	-66.8451
45	38	0	0	0	-68.0952
45	39	0	0	0	-69.3122
45	40	0	0	0	-70.488
45	41	0	0	0	-71.6177
45	42	0	0	0	-72.6994
45	43	0	0	0	-73.7333
45	44	0	0	0	-74.722
45	45	0	0	0	-75.6695
45	46	0	0	0	-76.5809
45	47	0	0	0	-77.4626
45	48	0	0	0	-78.3214
45	49	0	0	0	-79.1646
45	50	0	0	0	-80
46	0	0.985639	-0.168867	12.1748	-84
46	1	0	0	0	-83.3227
46	2	0	0	0	-82.6394
46	3	0	0	0	-81.9441
46	4	0	0	0	-81.2311
46	5	0.986914	-0.161247	14.8062	-80.4952
46	6	0	0	0	-79.7317
46	7	0	0	0	-78.9368
46	8	0	0	0	-78.1077
46	9	0	0	0	-77.2429
46	10	0.987037	-0.160493	17.9576	-76.3426
46	11	0	0	0	-75.4087
46	12	0	0	0	-74.4457
46	13	0	0	0	-73.4605
46	14	0	0	0	-72.4629
46	15	0.991513	-0.13001	21.5974	-71.4659
46	16	0	0	0	-70.4859
46	17	0	0	0	-69.5426
46	18	0	0	0	-68.658
46	19	0	0	0	-67.8554
46	20	0.998506	-0.0546332	24.7391	-67.1558
46	21	0	0	0	-66.5759
46	22	0	0	0	-66.1246
46	23	0	0	0	-65.8043
46	24	0	0	0	-65.6136
46	25	0.999755	0.0221474	25.9229	-65.5504
46	26	0	0	0	-65.6136
46	27	0	0	0	-65.8043
46	28	0	0	0	-66.1246
46	29	0	0	0	-66.5759
46	30	0.995365	0.0961722	24.8172	-67.1558
46	31	0	0	0	-67.8554
46	32	0	0	0	-68.658
46	33	0	0	0	-69.5426
46	34	0	0	0	-70.4859
46	35	0.990457	0.137825	21.6204	-71.4659
46	36	0	0	0	-72.4629
46	37	0	0	0	-73.4605
46	38	0	0	0	-74.4457
46	39	0	0	0	-75.4087
46	40	0.989458	0.144819	17.9136	-76.3426
46	41	0	0	0	-77.2429
46	42	0	0	0	-78.1077
46	43	0	0	0	-78.9368
46	44	0	0	0	-79.7317
46	45	0.989404	0.145186	14.7689	-80.4952
46	46	0	0	0	-81.2311
46	47	0	0	0	-81.9441
46	48	0	0	0	-82.6394
46	49	0	0	0	-83.3227
46	50	0	0	0	-84
47	0	0	0	0	-88
47	1	0	0	0	-87.4869
47	2	0	0	0	-86.9694
47	3	0	0	0	-86.4432
47	4	0	0	0	-85.9041
47	5	0	0	0	-85.3484
47	6	0	0	0	-84.7727
47	7	0	0	0	-84.1745
47	8	0	0	0	-83.5517
47	9	0	0	0	-82.9036
47	10	0	0	0	-82.2306
47	11	0	0	0	-81.5344
47	12	0	0	0	-80.8185
47	13	0	0	0	-80.0883
47	14	0	0	0	-79.3515
47	15	0	0	0	-78.6176
47	16	0	0	0	-77.8986
47	17	0	0	0	-77.2086
47	18	0	0	0	-76.5628
47	19	0	0	0	-75.9769
47	20	0	0	0	-75.465
47	21	0	0	0	-75.0383
47	22	0	0	0	-74.7038
47	23	0	0	0	-74.4647
47	24	0	0	0	-74.3215
47	25	0	0	0	-74.2739
47	26	0	0	0	-74.3215
47	27	0	0	0	-74.4647
47	28	0	0	0	-74.7038
47	29	0	0	0	-75.0383
47	30	0	0	0	-75.465
47	31	0	0	0	-75.9769
47	32	0	0	0	-76.5628
47	33	0	0	0	-77.2086
47	34	0	0	0	-77.8986
47	35	0	0	0	-78.6176
47	36	0	0	0	-79.3515
47	37	0	0	0	-80.0883
47	38	0	0	0	-80.8185
47	39	0	0	0	-81.5344
47	40	0	0	0	-82.2306
47	41	0	0	0	-82.9036
47	42	0	0	0	-83.5517
47	43	0	0	0	-84.1745
47	44	0	0	0	-84.7727
47	45	0	0	0	-85.3484
47	46	0	0	0	-85.9041
47	47	0	0	0	-86.4432
47	48	0	0	0	-86.9694
47	49	0	0	0	-87.4869
47	50	0	0	0	-88
48	0	0	0	0	-92
48	1	0	0	0	-91.6556
48	2	0	0	0	-91.3082
48	3	0	0	0	-90.9552
48	4	0	0	0	-90.5938
48	5	0	0	0	-90.2215
48	6	0	0	0	-89.8364
48	7	0	0	0	-89.4366
48	8	0	0	0	-89.0211
48	9	0	0	0	-88.5893
48	10	0	0	0	-88.1417
48	11	0	0	0	-87.6796
48	12	0	0	0	-87.2055
48	13	0	0	0	-86.7229
48	14	0	0	0	-86.237
48	15	0	0	0	-85.7542
48	16	0	0	0	-85.2823
48	17	0	0	0	-84.8303
48	18	0	0	0	-84.4078
48	19	0	0	0	-84.0244
48	20	0	0	0	-83.689
48	21	0	0	0	-83.4085
48	22	0	0	0	-83.1877
48	23	0	0	0	-83.0291
48	24	0	0	0	-82.9339
48	25	0	0	0	-82.9022
48	26	0	0	0	-82.9339
48	27	0	0	0	-83.0291
48	28	0	0	0	-83.1877
48	29	0	0	0	-83.4085
48	30	0	0	0	-83.689
48	31	0	0	0	-84.0244
48	32	0	0	0	-84.4078
48	33	0	0	0	-84.8303
48	34	0	0	0	-85.2823
48	35	0	0	0	-85.7542
48	36	0	0	0	-86.237
48	37	0	0	0	-86.7229
48	38	0	0	0	-87.2055
48	39	0	0	0	-87.6796
48	40	0	0	0	-88.1417
48	41	0	0	0	-88.5893
48	42	0	0	0	-89.0211
48	43	0	0	0	-89.4366
48	44	0	0	0	-89.8364
48	45	0	0	0	-90.2215
48	46	0	0	0	-90.5938
48	47	0	0	0	-90.9552
48	48	0	0	0	-91.3082
48	49	0	0	0	-91.6556
48	50	0	0	0	-92
49	0	0	0	0	-96
49	1	0	0	0	-95.8271
49	2	0	0	0	-95.6527
49	3	0	0	0	-95.4755
49	4	0	0	0	-95.2942
49	5	0	0	0	-95.1076
49	6	0	0	0	-94.9146
49	7	0	0	0	-94.7144
49	8	0	0	0	-94.5066
49	9	0	0	0	-94.2908
49	10	0	0	0	-94.0674
49	11	0	0	0	-93.837
49	12	0	0	0	-93.6008
49	13	0	0	0	-93.3608
49	14	0	0	0	-93.1194
49	15	0	0	0	-92.88
49	16	0	0	0	-92.6462
49	17	0	0	0	-92.4225
49	18	0	0	0	-92.2136
49	19	0	0	0	-92.024
49	20	0	0	0	-91.858
49	21	0	0	0	-91.7189
49	22	0	0	0	-91.6092
49	23	0	0	0	-91.5303
49	24	0	0	0	-91.4828
49	25	0	0	0	-91.4669
49	26	0	0	0	-91.4828
49	27	0	0	0	-91.5303
49	28	0	0	0	-91.6092
49	29	0	0	0	-91.7189
49	30	0	0	0	-91.858
49	31	0	0	0	-92.024
49	32	0	0	0	-92.2136
49	33	0	0	0	-92.4225
49	34	0	0	0	-92.6462
49	35	0	0	0	-92.88
49	36	0	0	0	-93.1194
49	37	0	0	0	-93.3608
49	38	0	0	0	-93.6008
49	39	0	0	0	-93.837
49	40	0	0	0	-94.0674
49	41	0	0	0	-94.2908
49	42	0	0	0	-94.5066
49	43	0	0	0	-94.7144
49	44	0	0	0	-94.9146
49	45	0	0	0	-95.1076
49	46	0	0	0	-95.2942
49	47	0	0	0	-95.4755
49	48	0	0	0	-95.6527
49	49	0	0	0	-95.8271
49	50	0	0	0	-96
50	0	0	0	0	-100
50	1	0	0	0	-100
50	2	0	0	0	-100
50	3	0	0	0	-100
50	4	0	0	0	-100
50	5	0	0	0	-100
50	6	0	0	0	-100
50	7	0	0	0	-100
50	8	0	0	0	-100
50	9	0	0	0	-100
50	10	0	0	0	-100
50	11	0	0	0	-100
50	12	0	0	0	-100
50	13	0	0	0	-100
50	14	0	0	0	-100
50	15	0	0	0	-100
50	16	0	0	0	-100
50	17	0	0	0	-100
50	18	0	0	0	-100
50	19	0	0	0	-100
50	20	0	0	0	-100
50	21	0	0	0	-100
50	22	0	0	0	-100
50	23	0	0	0	-100
50	24	0	0	0	-100
50	25	0	0	0	-100
50	26	0	0	0	-100
50	27	0	0	0	-100
50	28	0	0	0	-100
50	29	0	0	0	-100
50	30	0	0	0	-100
50	31	0	0	0	-100
50	32	0	0	0	-100
50	33	0	0	0	-100
50	34	0	0	0	-100
50	35	0	0	0	-100
50	36	0	0	0	-100
50	37	0	0	0	-100
50	38	0	0	0	-100
50	39	0	0	0	-100
50	40	0	0	0	-100
50	41	0	0	0	-100
50	42	0	0	0	-100
50	43	0	0	0	-100
50	44	0	0	0	-100
50	45	0	0	0	-100
50	46	0	0	0	-100
50	47	0	0	0	-100
50	48	0	0	0	-100
50	49	0	0	0	-100
50	50	0	0	0	-100
